"HITId","HITTypeId","Title","Description","Keywords","Reward","CreationTime","MaxAssignments","RequesterAnnotation","AssignmentDurationInSeconds","AutoApprovalDelayInSeconds","Expiration","NumberOfSimilarHITs","LifetimeInSeconds","AssignmentId","WorkerId","AssignmentStatus","AcceptTime","SubmitTime","AutoApprovalTime","ApprovalTime","RejectionTime","RequesterFeedback","WorkTimeInSeconds","LifetimeApprovalRate","Last30DaysApprovalRate","Last7DaysApprovalRate","Input.q1_name","Input.q1_natural_url","Input.q1_tactile_url","Input.q1_answer","Input.q2_name","Input.q2_natural_url","Input.q2_tactile_url","Input.q2_answer","Input.q3_name","Input.q3_natural_url","Input.q3_tactile_url","Input.q3_answer","Input.q4_name","Input.q4_natural_url","Input.q4_tactile_url","Input.q4_answer","Input.q5_name","Input.q5_natural_url","Input.q5_tactile_url","Input.q5_answer","Input.q6_name","Input.q6_natural_url","Input.q6_tactile_url","Input.q6_answer","Input.q7_name","Input.q7_natural_url","Input.q7_tactile_url","Input.q7_answer","Input.q8_name","Input.q8_natural_url","Input.q8_tactile_url","Input.q8_answer","Input.q9_name","Input.q9_natural_url","Input.q9_tactile_url","Input.q9_answer","Input.q10_name","Input.q10_natural_url","Input.q10_tactile_url","Input.q10_answer","Answer.taskAnswers","Approve","Reject"
"3FTID4TN9DCCS5W0Q1HZJSV75PILYW","3BHRGUFAI0A6J7Y48A1RI398KZKSCH","Categorize images based on view.","Review 10 line-arts and judge if it has same or different views. Identify view for each tactile. (10 pairs)","tactile, image review, accessibility, tools, instruments and appliances","$0.08","Sat Apr 18 18:48:15 PDT 2026","9","BatchId:5385948;OriginalHitTemplateId:928390873;","1800","1296000","Sat Apr 25 18:48:15 PDT 2026","","","3ZSANO2JD8LVIB8OVMRDUDYFVCLFSR","A33I0A28TLIR6J","Approved","Sat Apr 18 18:55:47 PDT 2026","Sat Apr 18 19:01:06 PDT 2026","Sun May 03 19:01:06 PDT 2026","Sun Apr 19 07:41:31 PDT 2026","","","319","75% (21/28)","30% (3/10)","30% (3/10)","Camera","https://tactileeval.s3.us-east-1.amazonaws.com/family_datasets/Tools_Instruments_and_Appliances/Camera/Natural/1_Camera.jpg","https://tactileeval.s3.us-east-1.amazonaws.com/family_datasets/Tools_Instruments_and_Appliances/Camera/Tactile/1.jpg","","Camera","https://tactileeval.s3.us-east-1.amazonaws.com/family_datasets/Tools_Instruments_and_Appliances/Camera/Natural/2_Camera.jpeg","https://tactileeval.s3.us-east-1.amazonaws.com/family_datasets/Tools_Instruments_and_Appliances/Camera/Tactile/2.jpg","","Camera","https://tactileeval.s3.us-east-1.amazonaws.com/family_datasets/Tools_Instruments_and_Appliances/Camera/Natural/3_Camera.jpeg","https://tactileeval.s3.us-east-1.amazonaws.com/family_datasets/Tools_Instruments_and_Appliances/Camera/Tactile/3.jpg","","Camera","https://tactileeval.s3.us-east-1.amazonaws.com/family_datasets/Tools_Instruments_and_Appliances/Camera/Natural/4_Camera.jpeg","https://tactileeval.s3.us-east-1.amazonaws.com/family_datasets/Tools_Instruments_and_Appliances/Camera/Tactile/4.jpg","","Camera","https://tactileeval.s3.us-east-1.amazonaws.com/family_datasets/Tools_Instruments_and_Appliances/Camera/Natural/5_Camera.jpeg","https://tactileeval.s3.us-east-1.amazonaws.com/family_datasets/Tools_Instruments_and_Appliances/Camera/Tactile/5.jpg","","Camera","https://tactileeval.s3.us-east-1.amazonaws.com/family_datasets/Tools_Instruments_and_Appliances/Camera/Natural/6_Camera.jpeg","https://tactileeval.s3.us-east-1.amazonaws.com/family_datasets/Tools_Instruments_and_Appliances/Camera/Tactile/6.jpg","","Camera","https://tactileeval.s3.us-east-1.amazonaws.com/family_datasets/Tools_Instruments_and_Appliances/Camera/Natural/7_Camera.jpeg","https://tactileeval.s3.us-east-1.amazonaws.com/family_datasets/Tools_Instruments_and_Appliances/Camera/Tactile/7.jpg","","Camera","https://tactileeval.s3.us-east-1.amazonaws.com/family_datasets/Tools_Instruments_and_Appliances/Camera/Natural/8_Camera.jpeg","https://tactileeval.s3.us-east-1.amazonaws.com/family_datasets/Tools_Instruments_and_Appliances/Camera/Tactile/8.jpg","","Camera","https://tactileeval.s3.us-east-1.amazonaws.com/family_datasets/Tools_Instruments_and_Appliances/Camera/Natural/9_Camera.jpeg","https://tactileeval.s3.us-east-1.amazonaws.com/family_datasets/Tools_Instruments_and_Appliances/Camera/Tactile/9.jpg","","Camera","https://tactileeval.s3.us-east-1.amazonaws.com/family_datasets/Tools_Instruments_and_Appliances/Camera/Natural/10_Camera.jpeg","https://tactileeval.s3.us-east-1.amazonaws.com/family_datasets/Tools_Instruments_and_Appliances/Camera/Tactile/10.jpg","","[{""question1"":{""orientation_match"":true,""view_frontal"":true,""view_perspective"":false,""view_side"":false,""view_top"":false},""question10"":{""orientation_match"":true,""view_frontal"":true,""view_perspective"":false,""view_side"":false,""view_top"":false},""question2"":{""orientation_match"":true,""view_frontal"":false,""view_perspective"":false,""view_side"":true,""view_top"":false},""question3"":{""orientation_match"":true,""view_frontal"":true,""view_perspective"":false,""view_side"":false,""view_top"":false},""question4"":{""orientation_match"":true,""view_frontal"":true,""view_perspective"":false,""view_side"":false,""view_top"":false},""question5"":{""orientation_match"":true,""view_frontal"":true,""view_perspective"":false,""view_side"":false,""view_top"":false},""question6"":{""orientation_match"":true,""view_frontal"":true,""view_perspective"":false,""view_side"":false,""view_top"":false},""question7"":{""orientation_match"":true,""view_frontal"":true,""view_perspective"":false,""view_side"":false,""view_top"":false},""question8"":{""orientation_match"":true,""view_frontal"":true,""view_perspective"":false,""view_side"":false,""view_top"":false},""question9"":{""orientation_match"":true,""view_frontal"":true,""view_perspective"":false,""view_side"":false,""view_top"":false}}]"
"3FTID4TN9DCCS5W0Q1HZJSV75PILYW","3BHRGUFAI0A6J7Y48A1RI398KZKSCH","Categorize images based on view.","Review 10 line-arts and judge if it has same or different views. Identify view for each tactile. (10 pairs)","tactile, image review, accessibility, tools, instruments and appliances","$0.08","Sat Apr 18 18:48:15 PDT 2026","9","BatchId:5385948;OriginalHitTemplateId:928390873;","1800","1296000","Sat Apr 25 18:48:15 PDT 2026","","","3YZ8UPK3WM04UCGITPWC18V0JWPUCM","AANFSTZSFMWNW","Approved","Sat Apr 18 19:09:53 PDT 2026","Sat Apr 18 19:10:29 PDT 2026","Sun May 03 19:10:29 PDT 2026","Sun Apr 19 07:41:31 PDT 2026","","","36","88% (146/165)","25% (3/12)","25% (3/12)","Camera","https://tactileeval.s3.us-east-1.amazonaws.com/family_datasets/Tools_Instruments_and_Appliances/Camera/Natural/1_Camera.jpg","https://tactileeval.s3.us-east-1.amazonaws.com/family_datasets/Tools_Instruments_and_Appliances/Camera/Tactile/1.jpg","","Camera","https://tactileeval.s3.us-east-1.amazonaws.com/family_datasets/Tools_Instruments_and_Appliances/Camera/Natural/2_Camera.jpeg","https://tactileeval.s3.us-east-1.amazonaws.com/family_datasets/Tools_Instruments_and_Appliances/Camera/Tactile/2.jpg","","Camera","https://tactileeval.s3.us-east-1.amazonaws.com/family_datasets/Tools_Instruments_and_Appliances/Camera/Natural/3_Camera.jpeg","https://tactileeval.s3.us-east-1.amazonaws.com/family_datasets/Tools_Instruments_and_Appliances/Camera/Tactile/3.jpg","","Camera","https://tactileeval.s3.us-east-1.amazonaws.com/family_datasets/Tools_Instruments_and_Appliances/Camera/Natural/4_Camera.jpeg","https://tactileeval.s3.us-east-1.amazonaws.com/family_datasets/Tools_Instruments_and_Appliances/Camera/Tactile/4.jpg","","Camera","https://tactileeval.s3.us-east-1.amazonaws.com/family_datasets/Tools_Instruments_and_Appliances/Camera/Natural/5_Camera.jpeg","https://tactileeval.s3.us-east-1.amazonaws.com/family_datasets/Tools_Instruments_and_Appliances/Camera/Tactile/5.jpg","","Camera","https://tactileeval.s3.us-east-1.amazonaws.com/family_datasets/Tools_Instruments_and_Appliances/Camera/Natural/6_Camera.jpeg","https://tactileeval.s3.us-east-1.amazonaws.com/family_datasets/Tools_Instruments_and_Appliances/Camera/Tactile/6.jpg","","Camera","https://tactileeval.s3.us-east-1.amazonaws.com/family_datasets/Tools_Instruments_and_Appliances/Camera/Natural/7_Camera.jpeg","https://tactileeval.s3.us-east-1.amazonaws.com/family_datasets/Tools_Instruments_and_Appliances/Camera/Tactile/7.jpg","","Camera","https://tactileeval.s3.us-east-1.amazonaws.com/family_datasets/Tools_Instruments_and_Appliances/Camera/Natural/8_Camera.jpeg","https://tactileeval.s3.us-east-1.amazonaws.com/family_datasets/Tools_Instruments_and_Appliances/Camera/Tactile/8.jpg","","Camera","https://tactileeval.s3.us-east-1.amazonaws.com/family_datasets/Tools_Instruments_and_Appliances/Camera/Natural/9_Camera.jpeg","https://tactileeval.s3.us-east-1.amazonaws.com/family_datasets/Tools_Instruments_and_Appliances/Camera/Tactile/9.jpg","","Camera","https://tactileeval.s3.us-east-1.amazonaws.com/family_datasets/Tools_Instruments_and_Appliances/Camera/Natural/10_Camera.jpeg","https://tactileeval.s3.us-east-1.amazonaws.com/family_datasets/Tools_Instruments_and_Appliances/Camera/Tactile/10.jpg","","[{""question1"":{""orientation_match"":false,""view_frontal"":true,""view_perspective"":false,""view_side"":false,""view_top"":false},""question10"":{""orientation_match"":true,""view_frontal"":true,""view_perspective"":false,""view_side"":false,""view_top"":false},""question2"":{""orientation_match"":false,""view_frontal"":false,""view_perspective"":false,""view_side"":true,""view_top"":false},""question3"":{""orientation_match"":true,""view_frontal"":true,""view_perspective"":false,""view_side"":false,""view_top"":false},""question4"":{""orientation_match"":true,""view_frontal"":true,""view_perspective"":false,""view_side"":false,""view_top"":false},""question5"":{""orientation_match"":true,""view_frontal"":false,""view_perspective"":true,""view_side"":false,""view_top"":false},""question6"":{""orientation_match"":true,""view_frontal"":false,""view_perspective"":false,""view_side"":false,""view_top"":true},""question7"":{""orientation_match"":true,""view_frontal"":true,""view_perspective"":false,""view_side"":false,""view_top"":false},""question8"":{""orientation_match"":true,""view_frontal"":false,""view_perspective"":false,""view_side"":true,""view_top"":false},""question9"":{""orientation_match"":true,""view_frontal"":false,""view_perspective"":true,""view_side"":false,""view_top"":false}}]"
"3FTID4TN9DCCS5W0Q1HZJSV75PILYW","3BHRGUFAI0A6J7Y48A1RI398KZKSCH","Categorize images based on view.","Review 10 line-arts and judge if it has same or different views. Identify view for each tactile. (10 pairs)","tactile, image review, accessibility, tools, instruments and appliances","$0.08","Sat Apr 18 18:48:15 PDT 2026","9","BatchId:5385948;OriginalHitTemplateId:928390873;","1800","1296000","Sat Apr 25 18:48:15 PDT 2026","","","3MB8LZR5C87JUK5CCOL9Y4CPBE9KLZ","A1RQST9UG72B9D","Approved","Sat Apr 18 20:03:09 PDT 2026","Sat Apr 18 20:03:57 PDT 2026","Sun May 03 20:03:57 PDT 2026","Sun Apr 19 07:41:31 PDT 2026","","","48","69% (11/16)","69% (11/16)","69% (11/16)","Camera","https://tactileeval.s3.us-east-1.amazonaws.com/family_datasets/Tools_Instruments_and_Appliances/Camera/Natural/1_Camera.jpg","https://tactileeval.s3.us-east-1.amazonaws.com/family_datasets/Tools_Instruments_and_Appliances/Camera/Tactile/1.jpg","","Camera","https://tactileeval.s3.us-east-1.amazonaws.com/family_datasets/Tools_Instruments_and_Appliances/Camera/Natural/2_Camera.jpeg","https://tactileeval.s3.us-east-1.amazonaws.com/family_datasets/Tools_Instruments_and_Appliances/Camera/Tactile/2.jpg","","Camera","https://tactileeval.s3.us-east-1.amazonaws.com/family_datasets/Tools_Instruments_and_Appliances/Camera/Natural/3_Camera.jpeg","https://tactileeval.s3.us-east-1.amazonaws.com/family_datasets/Tools_Instruments_and_Appliances/Camera/Tactile/3.jpg","","Camera","https://tactileeval.s3.us-east-1.amazonaws.com/family_datasets/Tools_Instruments_and_Appliances/Camera/Natural/4_Camera.jpeg","https://tactileeval.s3.us-east-1.amazonaws.com/family_datasets/Tools_Instruments_and_Appliances/Camera/Tactile/4.jpg","","Camera","https://tactileeval.s3.us-east-1.amazonaws.com/family_datasets/Tools_Instruments_and_Appliances/Camera/Natural/5_Camera.jpeg","https://tactileeval.s3.us-east-1.amazonaws.com/family_datasets/Tools_Instruments_and_Appliances/Camera/Tactile/5.jpg","","Camera","https://tactileeval.s3.us-east-1.amazonaws.com/family_datasets/Tools_Instruments_and_Appliances/Camera/Natural/6_Camera.jpeg","https://tactileeval.s3.us-east-1.amazonaws.com/family_datasets/Tools_Instruments_and_Appliances/Camera/Tactile/6.jpg","","Camera","https://tactileeval.s3.us-east-1.amazonaws.com/family_datasets/Tools_Instruments_and_Appliances/Camera/Natural/7_Camera.jpeg","https://tactileeval.s3.us-east-1.amazonaws.com/family_datasets/Tools_Instruments_and_Appliances/Camera/Tactile/7.jpg","","Camera","https://tactileeval.s3.us-east-1.amazonaws.com/family_datasets/Tools_Instruments_and_Appliances/Camera/Natural/8_Camera.jpeg","https://tactileeval.s3.us-east-1.amazonaws.com/family_datasets/Tools_Instruments_and_Appliances/Camera/Tactile/8.jpg","","Camera","https://tactileeval.s3.us-east-1.amazonaws.com/family_datasets/Tools_Instruments_and_Appliances/Camera/Natural/9_Camera.jpeg","https://tactileeval.s3.us-east-1.amazonaws.com/family_datasets/Tools_Instruments_and_Appliances/Camera/Tactile/9.jpg","","Camera","https://tactileeval.s3.us-east-1.amazonaws.com/family_datasets/Tools_Instruments_and_Appliances/Camera/Natural/10_Camera.jpeg","https://tactileeval.s3.us-east-1.amazonaws.com/family_datasets/Tools_Instruments_and_Appliances/Camera/Tactile/10.jpg","","[{""question1"":{""orientation_match"":true,""view_frontal"":true,""view_perspective"":false,""view_side"":false,""view_top"":false},""question10"":{""orientation_match"":true,""view_frontal"":true,""view_perspective"":false,""view_side"":false,""view_top"":false},""question2"":{""orientation_match"":true,""view_frontal"":false,""view_perspective"":false,""view_side"":true,""view_top"":false},""question3"":{""orientation_match"":true,""view_frontal"":true,""view_perspective"":false,""view_side"":false,""view_top"":false},""question4"":{""orientation_match"":true,""view_frontal"":true,""view_perspective"":false,""view_side"":false,""view_top"":false},""question5"":{""orientation_match"":true,""view_frontal"":true,""view_perspective"":false,""view_side"":false,""view_top"":false},""question6"":{""orientation_match"":true,""view_frontal"":true,""view_perspective"":false,""view_side"":false,""view_top"":false},""question7"":{""orientation_match"":true,""view_frontal"":true,""view_perspective"":false,""view_side"":false,""view_top"":false},""question8"":{""orientation_match"":true,""view_frontal"":true,""view_perspective"":false,""view_side"":false,""view_top"":false},""question9"":{""orientation_match"":true,""view_frontal"":true,""view_perspective"":false,""view_side"":false,""view_top"":false}}]"
"3FTID4TN9DCCS5W0Q1HZJSV75PILYW","3BHRGUFAI0A6J7Y48A1RI398KZKSCH","Categorize images based on view.","Review 10 line-arts and judge if it has same or different views. Identify view for each tactile. (10 pairs)","tactile, image review, accessibility, tools, instruments and appliances","$0.08","Sat Apr 18 18:48:15 PDT 2026","9","BatchId:5385948;OriginalHitTemplateId:928390873;","1800","1296000","Sat Apr 25 18:48:15 PDT 2026","","","3CN4LGXD6Q2IGHN8ABNJLVPPN7Q4YO","A312G4F6TIKFFQ","Approved","Sat Apr 18 20:49:52 PDT 2026","Sat Apr 18 20:50:39 PDT 2026","Sun May 03 20:50:39 PDT 2026","Sun Apr 19 07:41:31 PDT 2026","","","47","70% (26/37)","35% (6/17)","35% (6/17)","Camera","https://tactileeval.s3.us-east-1.amazonaws.com/family_datasets/Tools_Instruments_and_Appliances/Camera/Natural/1_Camera.jpg","https://tactileeval.s3.us-east-1.amazonaws.com/family_datasets/Tools_Instruments_and_Appliances/Camera/Tactile/1.jpg","","Camera","https://tactileeval.s3.us-east-1.amazonaws.com/family_datasets/Tools_Instruments_and_Appliances/Camera/Natural/2_Camera.jpeg","https://tactileeval.s3.us-east-1.amazonaws.com/family_datasets/Tools_Instruments_and_Appliances/Camera/Tactile/2.jpg","","Camera","https://tactileeval.s3.us-east-1.amazonaws.com/family_datasets/Tools_Instruments_and_Appliances/Camera/Natural/3_Camera.jpeg","https://tactileeval.s3.us-east-1.amazonaws.com/family_datasets/Tools_Instruments_and_Appliances/Camera/Tactile/3.jpg","","Camera","https://tactileeval.s3.us-east-1.amazonaws.com/family_datasets/Tools_Instruments_and_Appliances/Camera/Natural/4_Camera.jpeg","https://tactileeval.s3.us-east-1.amazonaws.com/family_datasets/Tools_Instruments_and_Appliances/Camera/Tactile/4.jpg","","Camera","https://tactileeval.s3.us-east-1.amazonaws.com/family_datasets/Tools_Instruments_and_Appliances/Camera/Natural/5_Camera.jpeg","https://tactileeval.s3.us-east-1.amazonaws.com/family_datasets/Tools_Instruments_and_Appliances/Camera/Tactile/5.jpg","","Camera","https://tactileeval.s3.us-east-1.amazonaws.com/family_datasets/Tools_Instruments_and_Appliances/Camera/Natural/6_Camera.jpeg","https://tactileeval.s3.us-east-1.amazonaws.com/family_datasets/Tools_Instruments_and_Appliances/Camera/Tactile/6.jpg","","Camera","https://tactileeval.s3.us-east-1.amazonaws.com/family_datasets/Tools_Instruments_and_Appliances/Camera/Natural/7_Camera.jpeg","https://tactileeval.s3.us-east-1.amazonaws.com/family_datasets/Tools_Instruments_and_Appliances/Camera/Tactile/7.jpg","","Camera","https://tactileeval.s3.us-east-1.amazonaws.com/family_datasets/Tools_Instruments_and_Appliances/Camera/Natural/8_Camera.jpeg","https://tactileeval.s3.us-east-1.amazonaws.com/family_datasets/Tools_Instruments_and_Appliances/Camera/Tactile/8.jpg","","Camera","https://tactileeval.s3.us-east-1.amazonaws.com/family_datasets/Tools_Instruments_and_Appliances/Camera/Natural/9_Camera.jpeg","https://tactileeval.s3.us-east-1.amazonaws.com/family_datasets/Tools_Instruments_and_Appliances/Camera/Tactile/9.jpg","","Camera","https://tactileeval.s3.us-east-1.amazonaws.com/family_datasets/Tools_Instruments_and_Appliances/Camera/Natural/10_Camera.jpeg","https://tactileeval.s3.us-east-1.amazonaws.com/family_datasets/Tools_Instruments_and_Appliances/Camera/Tactile/10.jpg","","[{""question1"":{""orientation_match"":true,""view_frontal"":true,""view_perspective"":false,""view_side"":false,""view_top"":false},""question10"":{""orientation_match"":true,""view_frontal"":true,""view_perspective"":false,""view_side"":false,""view_top"":false},""question2"":{""orientation_match"":true,""view_frontal"":false,""view_perspective"":false,""view_side"":true,""view_top"":false},""question3"":{""orientation_match"":true,""view_frontal"":true,""view_perspective"":false,""view_side"":false,""view_top"":false},""question4"":{""orientation_match"":true,""view_frontal"":true,""view_perspective"":false,""view_side"":false,""view_top"":false},""question5"":{""orientation_match"":true,""view_frontal"":true,""view_perspective"":false,""view_side"":false,""view_top"":false},""question6"":{""orientation_match"":true,""view_frontal"":true,""view_perspective"":false,""view_side"":false,""view_top"":false},""question7"":{""orientation_match"":true,""view_frontal"":true,""view_perspective"":false,""view_side"":false,""view_top"":false},""question8"":{""orientation_match"":true,""view_frontal"":true,""view_perspective"":false,""view_side"":false,""view_top"":false},""question9"":{""orientation_match"":true,""view_frontal"":true,""view_perspective"":false,""view_side"":false,""view_top"":false}}]"
"3FTID4TN9DCCS5W0Q1HZJSV75PILYW","3BHRGUFAI0A6J7Y48A1RI398KZKSCH","Categorize images based on view.","Review 10 line-arts and judge if it has same or different views. Identify view for each tactile. (10 pairs)","tactile, image review, accessibility, tools, instruments and appliances","$0.08","Sat Apr 18 18:48:15 PDT 2026","9","BatchId:5385948;OriginalHitTemplateId:928390873;","1800","1296000","Sat Apr 25 18:48:15 PDT 2026","","","36V4Q8R50DEPB5LSP56LU33NAPXMQ1","AJZHPDCKUVRM8","Approved","Sat Apr 18 22:03:17 PDT 2026","Sat Apr 18 22:04:17 PDT 2026","Sun May 03 22:04:17 PDT 2026","Sun Apr 19 07:41:31 PDT 2026","","","60","86% (68/79)","86% (68/79)","86% (68/79)","Camera","https://tactileeval.s3.us-east-1.amazonaws.com/family_datasets/Tools_Instruments_and_Appliances/Camera/Natural/1_Camera.jpg","https://tactileeval.s3.us-east-1.amazonaws.com/family_datasets/Tools_Instruments_and_Appliances/Camera/Tactile/1.jpg","","Camera","https://tactileeval.s3.us-east-1.amazonaws.com/family_datasets/Tools_Instruments_and_Appliances/Camera/Natural/2_Camera.jpeg","https://tactileeval.s3.us-east-1.amazonaws.com/family_datasets/Tools_Instruments_and_Appliances/Camera/Tactile/2.jpg","","Camera","https://tactileeval.s3.us-east-1.amazonaws.com/family_datasets/Tools_Instruments_and_Appliances/Camera/Natural/3_Camera.jpeg","https://tactileeval.s3.us-east-1.amazonaws.com/family_datasets/Tools_Instruments_and_Appliances/Camera/Tactile/3.jpg","","Camera","https://tactileeval.s3.us-east-1.amazonaws.com/family_datasets/Tools_Instruments_and_Appliances/Camera/Natural/4_Camera.jpeg","https://tactileeval.s3.us-east-1.amazonaws.com/family_datasets/Tools_Instruments_and_Appliances/Camera/Tactile/4.jpg","","Camera","https://tactileeval.s3.us-east-1.amazonaws.com/family_datasets/Tools_Instruments_and_Appliances/Camera/Natural/5_Camera.jpeg","https://tactileeval.s3.us-east-1.amazonaws.com/family_datasets/Tools_Instruments_and_Appliances/Camera/Tactile/5.jpg","","Camera","https://tactileeval.s3.us-east-1.amazonaws.com/family_datasets/Tools_Instruments_and_Appliances/Camera/Natural/6_Camera.jpeg","https://tactileeval.s3.us-east-1.amazonaws.com/family_datasets/Tools_Instruments_and_Appliances/Camera/Tactile/6.jpg","","Camera","https://tactileeval.s3.us-east-1.amazonaws.com/family_datasets/Tools_Instruments_and_Appliances/Camera/Natural/7_Camera.jpeg","https://tactileeval.s3.us-east-1.amazonaws.com/family_datasets/Tools_Instruments_and_Appliances/Camera/Tactile/7.jpg","","Camera","https://tactileeval.s3.us-east-1.amazonaws.com/family_datasets/Tools_Instruments_and_Appliances/Camera/Natural/8_Camera.jpeg","https://tactileeval.s3.us-east-1.amazonaws.com/family_datasets/Tools_Instruments_and_Appliances/Camera/Tactile/8.jpg","","Camera","https://tactileeval.s3.us-east-1.amazonaws.com/family_datasets/Tools_Instruments_and_Appliances/Camera/Natural/9_Camera.jpeg","https://tactileeval.s3.us-east-1.amazonaws.com/family_datasets/Tools_Instruments_and_Appliances/Camera/Tactile/9.jpg","","Camera","https://tactileeval.s3.us-east-1.amazonaws.com/family_datasets/Tools_Instruments_and_Appliances/Camera/Natural/10_Camera.jpeg","https://tactileeval.s3.us-east-1.amazonaws.com/family_datasets/Tools_Instruments_and_Appliances/Camera/Tactile/10.jpg","","[{""question1"":{""orientation_match"":true,""view_frontal"":true,""view_perspective"":false,""view_side"":false,""view_top"":false},""question10"":{""orientation_match"":true,""view_frontal"":true,""view_perspective"":false,""view_side"":false,""view_top"":false},""question2"":{""orientation_match"":true,""view_frontal"":false,""view_perspective"":false,""view_side"":true,""view_top"":false},""question3"":{""orientation_match"":true,""view_frontal"":true,""view_perspective"":false,""view_side"":false,""view_top"":false},""question4"":{""orientation_match"":true,""view_frontal"":true,""view_perspective"":false,""view_side"":false,""view_top"":false},""question5"":{""orientation_match"":true,""view_frontal"":true,""view_perspective"":false,""view_side"":false,""view_top"":false},""question6"":{""orientation_match"":true,""view_frontal"":true,""view_perspective"":false,""view_side"":false,""view_top"":false},""question7"":{""orientation_match"":true,""view_frontal"":true,""view_perspective"":false,""view_side"":false,""view_top"":false},""question8"":{""orientation_match"":true,""view_frontal"":true,""view_perspective"":false,""view_side"":false,""view_top"":false},""question9"":{""orientation_match"":true,""view_frontal"":true,""view_perspective"":false,""view_side"":false,""view_top"":false}}]"
"3FTID4TN9DCCS5W0Q1HZJSV75PILYW","3BHRGUFAI0A6J7Y48A1RI398KZKSCH","Categorize images based on view.","Review 10 line-arts and judge if it has same or different views. Identify view for each tactile. (10 pairs)","tactile, image review, accessibility, tools, instruments and appliances","$0.08","Sat Apr 18 18:48:15 PDT 2026","9","BatchId:5385948;OriginalHitTemplateId:928390873;","1800","1296000","Sat Apr 25 18:48:15 PDT 2026","","","3BQU611VGIY4CMLCJURU3M7E0QN994","A2YDVX56BVBEP8","Rejected","Sat Apr 18 22:12:38 PDT 2026","Sat Apr 18 22:22:06 PDT 2026","Sun May 03 22:22:06 PDT 2026","","Sun Apr 19 07:41:32 PDT 2026","Thank you for your time. Unfortunately this submission did not pass the embedded gold-standard checks; this task requires very careful attention to detail.","568","25% (1/4)","25% (1/4)","25% (1/4)","Camera","https://tactileeval.s3.us-east-1.amazonaws.com/family_datasets/Tools_Instruments_and_Appliances/Camera/Natural/1_Camera.jpg","https://tactileeval.s3.us-east-1.amazonaws.com/family_datasets/Tools_Instruments_and_Appliances/Camera/Tactile/1.jpg","","Camera","https://tactileeval.s3.us-east-1.amazonaws.com/family_datasets/Tools_Instruments_and_Appliances/Camera/Natural/2_Camera.jpeg","https://tactileeval.s3.us-east-1.amazonaws.com/family_datasets/Tools_Instruments_and_Appliances/Camera/Tactile/2.jpg","","Camera","https://tactileeval.s3.us-east-1.amazonaws.com/family_datasets/Tools_Instruments_and_Appliances/Camera/Natural/3_Camera.jpeg","https://tactileeval.s3.us-east-1.amazonaws.com/family_datasets/Tools_Instruments_and_Appliances/Camera/Tactile/3.jpg","","Camera","https://tactileeval.s3.us-east-1.amazonaws.com/family_datasets/Tools_Instruments_and_Appliances/Camera/Natural/4_Camera.jpeg","https://tactileeval.s3.us-east-1.amazonaws.com/family_datasets/Tools_Instruments_and_Appliances/Camera/Tactile/4.jpg","","Camera","https://tactileeval.s3.us-east-1.amazonaws.com/family_datasets/Tools_Instruments_and_Appliances/Camera/Natural/5_Camera.jpeg","https://tactileeval.s3.us-east-1.amazonaws.com/family_datasets/Tools_Instruments_and_Appliances/Camera/Tactile/5.jpg","","Camera","https://tactileeval.s3.us-east-1.amazonaws.com/family_datasets/Tools_Instruments_and_Appliances/Camera/Natural/6_Camera.jpeg","https://tactileeval.s3.us-east-1.amazonaws.com/family_datasets/Tools_Instruments_and_Appliances/Camera/Tactile/6.jpg","","Camera","https://tactileeval.s3.us-east-1.amazonaws.com/family_datasets/Tools_Instruments_and_Appliances/Camera/Natural/7_Camera.jpeg","https://tactileeval.s3.us-east-1.amazonaws.com/family_datasets/Tools_Instruments_and_Appliances/Camera/Tactile/7.jpg","","Camera","https://tactileeval.s3.us-east-1.amazonaws.com/family_datasets/Tools_Instruments_and_Appliances/Camera/Natural/8_Camera.jpeg","https://tactileeval.s3.us-east-1.amazonaws.com/family_datasets/Tools_Instruments_and_Appliances/Camera/Tactile/8.jpg","","Camera","https://tactileeval.s3.us-east-1.amazonaws.com/family_datasets/Tools_Instruments_and_Appliances/Camera/Natural/9_Camera.jpeg","https://tactileeval.s3.us-east-1.amazonaws.com/family_datasets/Tools_Instruments_and_Appliances/Camera/Tactile/9.jpg","","Camera","https://tactileeval.s3.us-east-1.amazonaws.com/family_datasets/Tools_Instruments_and_Appliances/Camera/Natural/10_Camera.jpeg","https://tactileeval.s3.us-east-1.amazonaws.com/family_datasets/Tools_Instruments_and_Appliances/Camera/Tactile/10.jpg","","[{""question1"":{""orientation_match"":false,""view_frontal"":false,""view_perspective"":true,""view_side"":false,""view_top"":false},""question10"":{""orientation_match"":true,""view_frontal"":true,""view_perspective"":false,""view_side"":false,""view_top"":false},""question2"":{""orientation_match"":false,""view_frontal"":false,""view_perspective"":false,""view_side"":true,""view_top"":false},""question3"":{""orientation_match"":false,""view_frontal"":false,""view_perspective"":false,""view_side"":true,""view_top"":false},""question4"":{""orientation_match"":true,""view_frontal"":true,""view_perspective"":false,""view_side"":false,""view_top"":false},""question5"":{""orientation_match"":false,""view_frontal"":false,""view_perspective"":false,""view_side"":true,""view_top"":false},""question6"":{""orientation_match"":true,""view_frontal"":true,""view_perspective"":false,""view_side"":false,""view_top"":false},""question7"":{""orientation_match"":true,""view_frontal"":false,""view_perspective"":false,""view_side"":false,""view_top"":false},""question8"":{""orientation_match"":true,""view_frontal"":true,""view_perspective"":false,""view_side"":false,""view_top"":false},""question9"":{""orientation_match"":true,""view_frontal"":false,""view_perspective"":false,""view_side"":false,""view_top"":false}}]"
"3FTID4TN9DCCS5W0Q1HZJSV75PILYW","3BHRGUFAI0A6J7Y48A1RI398KZKSCH","Categorize images based on view.","Review 10 line-arts and judge if it has same or different views. Identify view for each tactile. (10 pairs)","tactile, image review, accessibility, tools, instruments and appliances","$0.08","Sat Apr 18 18:48:15 PDT 2026","9","BatchId:5385948;OriginalHitTemplateId:928390873;","1800","1296000","Sat Apr 25 18:48:15 PDT 2026","","","3PJUZCGDKZU4YH22E2LG3QC3GK598F","A2UZP2FRACKPK1","Approved","Sat Apr 18 22:12:17 PDT 2026","Sat Apr 18 22:34:58 PDT 2026","Sun May 03 22:34:58 PDT 2026","Sun Apr 19 07:41:32 PDT 2026","","","1361","56% (5/9)","56% (5/9)","56% (5/9)","Camera","https://tactileeval.s3.us-east-1.amazonaws.com/family_datasets/Tools_Instruments_and_Appliances/Camera/Natural/1_Camera.jpg","https://tactileeval.s3.us-east-1.amazonaws.com/family_datasets/Tools_Instruments_and_Appliances/Camera/Tactile/1.jpg","","Camera","https://tactileeval.s3.us-east-1.amazonaws.com/family_datasets/Tools_Instruments_and_Appliances/Camera/Natural/2_Camera.jpeg","https://tactileeval.s3.us-east-1.amazonaws.com/family_datasets/Tools_Instruments_and_Appliances/Camera/Tactile/2.jpg","","Camera","https://tactileeval.s3.us-east-1.amazonaws.com/family_datasets/Tools_Instruments_and_Appliances/Camera/Natural/3_Camera.jpeg","https://tactileeval.s3.us-east-1.amazonaws.com/family_datasets/Tools_Instruments_and_Appliances/Camera/Tactile/3.jpg","","Camera","https://tactileeval.s3.us-east-1.amazonaws.com/family_datasets/Tools_Instruments_and_Appliances/Camera/Natural/4_Camera.jpeg","https://tactileeval.s3.us-east-1.amazonaws.com/family_datasets/Tools_Instruments_and_Appliances/Camera/Tactile/4.jpg","","Camera","https://tactileeval.s3.us-east-1.amazonaws.com/family_datasets/Tools_Instruments_and_Appliances/Camera/Natural/5_Camera.jpeg","https://tactileeval.s3.us-east-1.amazonaws.com/family_datasets/Tools_Instruments_and_Appliances/Camera/Tactile/5.jpg","","Camera","https://tactileeval.s3.us-east-1.amazonaws.com/family_datasets/Tools_Instruments_and_Appliances/Camera/Natural/6_Camera.jpeg","https://tactileeval.s3.us-east-1.amazonaws.com/family_datasets/Tools_Instruments_and_Appliances/Camera/Tactile/6.jpg","","Camera","https://tactileeval.s3.us-east-1.amazonaws.com/family_datasets/Tools_Instruments_and_Appliances/Camera/Natural/7_Camera.jpeg","https://tactileeval.s3.us-east-1.amazonaws.com/family_datasets/Tools_Instruments_and_Appliances/Camera/Tactile/7.jpg","","Camera","https://tactileeval.s3.us-east-1.amazonaws.com/family_datasets/Tools_Instruments_and_Appliances/Camera/Natural/8_Camera.jpeg","https://tactileeval.s3.us-east-1.amazonaws.com/family_datasets/Tools_Instruments_and_Appliances/Camera/Tactile/8.jpg","","Camera","https://tactileeval.s3.us-east-1.amazonaws.com/family_datasets/Tools_Instruments_and_Appliances/Camera/Natural/9_Camera.jpeg","https://tactileeval.s3.us-east-1.amazonaws.com/family_datasets/Tools_Instruments_and_Appliances/Camera/Tactile/9.jpg","","Camera","https://tactileeval.s3.us-east-1.amazonaws.com/family_datasets/Tools_Instruments_and_Appliances/Camera/Natural/10_Camera.jpeg","https://tactileeval.s3.us-east-1.amazonaws.com/family_datasets/Tools_Instruments_and_Appliances/Camera/Tactile/10.jpg","","[{""question1"":{""orientation_match"":true,""view_frontal"":true,""view_perspective"":false,""view_side"":false,""view_top"":false},""question10"":{""orientation_match"":true,""view_frontal"":true,""view_perspective"":false,""view_side"":false,""view_top"":false},""question2"":{""orientation_match"":true,""view_frontal"":false,""view_perspective"":false,""view_side"":true,""view_top"":false},""question3"":{""orientation_match"":true,""view_frontal"":true,""view_perspective"":false,""view_side"":false,""view_top"":false},""question4"":{""orientation_match"":true,""view_frontal"":true,""view_perspective"":false,""view_side"":false,""view_top"":false},""question5"":{""orientation_match"":true,""view_frontal"":true,""view_perspective"":false,""view_side"":false,""view_top"":false},""question6"":{""orientation_match"":true,""view_frontal"":true,""view_perspective"":false,""view_side"":false,""view_top"":false},""question7"":{""orientation_match"":true,""view_frontal"":true,""view_perspective"":false,""view_side"":false,""view_top"":false},""question8"":{""orientation_match"":false,""view_frontal"":true,""view_perspective"":false,""view_side"":false,""view_top"":false},""question9"":{""orientation_match"":true,""view_frontal"":true,""view_perspective"":false,""view_side"":false,""view_top"":false}}]"
"3FTID4TN9DCCS5W0Q1HZJSV75PILYW","3BHRGUFAI0A6J7Y48A1RI398KZKSCH","Categorize images based on view.","Review 10 line-arts and judge if it has same or different views. Identify view for each tactile. (10 pairs)","tactile, image review, accessibility, tools, instruments and appliances","$0.08","Sat Apr 18 18:48:15 PDT 2026","9","BatchId:5385948;OriginalHitTemplateId:928390873;","1800","1296000","Sat Apr 25 18:48:15 PDT 2026","","","3JRJSWSMRAZZSGNDAW664N53RWCE3N","A1YI3I2KCAXRHQ","Rejected","Sun Apr 19 07:55:05 PDT 2026","Sun Apr 19 07:58:15 PDT 2026","Mon May 04 07:58:15 PDT 2026","","Sun Apr 19 09:04:02 PDT 2026","Thank you for your time. Unfortunately this submission did not pass the embedded gold-standard checks; this task requires very careful attention to detail.","190","20% (1/5)","20% (1/5)","20% (1/5)","Camera","https://tactileeval.s3.us-east-1.amazonaws.com/family_datasets/Tools_Instruments_and_Appliances/Camera/Natural/1_Camera.jpg","https://tactileeval.s3.us-east-1.amazonaws.com/family_datasets/Tools_Instruments_and_Appliances/Camera/Tactile/1.jpg","","Camera","https://tactileeval.s3.us-east-1.amazonaws.com/family_datasets/Tools_Instruments_and_Appliances/Camera/Natural/2_Camera.jpeg","https://tactileeval.s3.us-east-1.amazonaws.com/family_datasets/Tools_Instruments_and_Appliances/Camera/Tactile/2.jpg","","Camera","https://tactileeval.s3.us-east-1.amazonaws.com/family_datasets/Tools_Instruments_and_Appliances/Camera/Natural/3_Camera.jpeg","https://tactileeval.s3.us-east-1.amazonaws.com/family_datasets/Tools_Instruments_and_Appliances/Camera/Tactile/3.jpg","","Camera","https://tactileeval.s3.us-east-1.amazonaws.com/family_datasets/Tools_Instruments_and_Appliances/Camera/Natural/4_Camera.jpeg","https://tactileeval.s3.us-east-1.amazonaws.com/family_datasets/Tools_Instruments_and_Appliances/Camera/Tactile/4.jpg","","Camera","https://tactileeval.s3.us-east-1.amazonaws.com/family_datasets/Tools_Instruments_and_Appliances/Camera/Natural/5_Camera.jpeg","https://tactileeval.s3.us-east-1.amazonaws.com/family_datasets/Tools_Instruments_and_Appliances/Camera/Tactile/5.jpg","","Camera","https://tactileeval.s3.us-east-1.amazonaws.com/family_datasets/Tools_Instruments_and_Appliances/Camera/Natural/6_Camera.jpeg","https://tactileeval.s3.us-east-1.amazonaws.com/family_datasets/Tools_Instruments_and_Appliances/Camera/Tactile/6.jpg","","Camera","https://tactileeval.s3.us-east-1.amazonaws.com/family_datasets/Tools_Instruments_and_Appliances/Camera/Natural/7_Camera.jpeg","https://tactileeval.s3.us-east-1.amazonaws.com/family_datasets/Tools_Instruments_and_Appliances/Camera/Tactile/7.jpg","","Camera","https://tactileeval.s3.us-east-1.amazonaws.com/family_datasets/Tools_Instruments_and_Appliances/Camera/Natural/8_Camera.jpeg","https://tactileeval.s3.us-east-1.amazonaws.com/family_datasets/Tools_Instruments_and_Appliances/Camera/Tactile/8.jpg","","Camera","https://tactileeval.s3.us-east-1.amazonaws.com/family_datasets/Tools_Instruments_and_Appliances/Camera/Natural/9_Camera.jpeg","https://tactileeval.s3.us-east-1.amazonaws.com/family_datasets/Tools_Instruments_and_Appliances/Camera/Tactile/9.jpg","","Camera","https://tactileeval.s3.us-east-1.amazonaws.com/family_datasets/Tools_Instruments_and_Appliances/Camera/Natural/10_Camera.jpeg","https://tactileeval.s3.us-east-1.amazonaws.com/family_datasets/Tools_Instruments_and_Appliances/Camera/Tactile/10.jpg","","[{""question1"":{""orientation_match"":false,""view_frontal"":false,""view_perspective"":false,""view_side"":false,""view_top"":true},""question10"":{""orientation_match"":false,""view_frontal"":false,""view_perspective"":false,""view_side"":false,""view_top"":true},""question2"":{""orientation_match"":false,""view_frontal"":false,""view_perspective"":false,""view_side"":true,""view_top"":false},""question3"":{""orientation_match"":false,""view_frontal"":true,""view_perspective"":false,""view_side"":false,""view_top"":false},""question4"":{""orientation_match"":true,""view_frontal"":false,""view_perspective"":false,""view_side"":false,""view_top"":false},""question5"":{""orientation_match"":true,""view_frontal"":false,""view_perspective"":false,""view_side"":false,""view_top"":false},""question6"":{""orientation_match"":false,""view_frontal"":true,""view_perspective"":false,""view_side"":false,""view_top"":false},""question7"":{""orientation_match"":false,""view_frontal"":true,""view_perspective"":false,""view_side"":false,""view_top"":false},""question8"":{""orientation_match"":true,""view_frontal"":false,""view_perspective"":false,""view_side"":false,""view_top"":false},""question9"":{""orientation_match"":false,""view_frontal"":true,""view_perspective"":false,""view_side"":false,""view_top"":false}}]"
"3FTID4TN9DCCS5W0Q1HZJSV75PILYW","3BHRGUFAI0A6J7Y48A1RI398KZKSCH","Categorize images based on view.","Review 10 line-arts and judge if it has same or different views. Identify view for each tactile. (10 pairs)","tactile, image review, accessibility, tools, instruments and appliances","$0.08","Sat Apr 18 18:48:15 PDT 2026","9","BatchId:5385948;OriginalHitTemplateId:928390873;","1800","1296000","Sat Apr 25 18:48:15 PDT 2026","","","33CID5711X7DYMX5RITAHIVN0TE3L0","A205WBOO6VB6WP","Approved","Sun Apr 19 08:29:37 PDT 2026","Sun Apr 19 08:35:56 PDT 2026","Mon May 04 08:35:56 PDT 2026","Sun Apr 19 09:04:02 PDT 2026","","","379","75% (3/4)","75% (3/4)","75% (3/4)","Camera","https://tactileeval.s3.us-east-1.amazonaws.com/family_datasets/Tools_Instruments_and_Appliances/Camera/Natural/1_Camera.jpg","https://tactileeval.s3.us-east-1.amazonaws.com/family_datasets/Tools_Instruments_and_Appliances/Camera/Tactile/1.jpg","","Camera","https://tactileeval.s3.us-east-1.amazonaws.com/family_datasets/Tools_Instruments_and_Appliances/Camera/Natural/2_Camera.jpeg","https://tactileeval.s3.us-east-1.amazonaws.com/family_datasets/Tools_Instruments_and_Appliances/Camera/Tactile/2.jpg","","Camera","https://tactileeval.s3.us-east-1.amazonaws.com/family_datasets/Tools_Instruments_and_Appliances/Camera/Natural/3_Camera.jpeg","https://tactileeval.s3.us-east-1.amazonaws.com/family_datasets/Tools_Instruments_and_Appliances/Camera/Tactile/3.jpg","","Camera","https://tactileeval.s3.us-east-1.amazonaws.com/family_datasets/Tools_Instruments_and_Appliances/Camera/Natural/4_Camera.jpeg","https://tactileeval.s3.us-east-1.amazonaws.com/family_datasets/Tools_Instruments_and_Appliances/Camera/Tactile/4.jpg","","Camera","https://tactileeval.s3.us-east-1.amazonaws.com/family_datasets/Tools_Instruments_and_Appliances/Camera/Natural/5_Camera.jpeg","https://tactileeval.s3.us-east-1.amazonaws.com/family_datasets/Tools_Instruments_and_Appliances/Camera/Tactile/5.jpg","","Camera","https://tactileeval.s3.us-east-1.amazonaws.com/family_datasets/Tools_Instruments_and_Appliances/Camera/Natural/6_Camera.jpeg","https://tactileeval.s3.us-east-1.amazonaws.com/family_datasets/Tools_Instruments_and_Appliances/Camera/Tactile/6.jpg","","Camera","https://tactileeval.s3.us-east-1.amazonaws.com/family_datasets/Tools_Instruments_and_Appliances/Camera/Natural/7_Camera.jpeg","https://tactileeval.s3.us-east-1.amazonaws.com/family_datasets/Tools_Instruments_and_Appliances/Camera/Tactile/7.jpg","","Camera","https://tactileeval.s3.us-east-1.amazonaws.com/family_datasets/Tools_Instruments_and_Appliances/Camera/Natural/8_Camera.jpeg","https://tactileeval.s3.us-east-1.amazonaws.com/family_datasets/Tools_Instruments_and_Appliances/Camera/Tactile/8.jpg","","Camera","https://tactileeval.s3.us-east-1.amazonaws.com/family_datasets/Tools_Instruments_and_Appliances/Camera/Natural/9_Camera.jpeg","https://tactileeval.s3.us-east-1.amazonaws.com/family_datasets/Tools_Instruments_and_Appliances/Camera/Tactile/9.jpg","","Camera","https://tactileeval.s3.us-east-1.amazonaws.com/family_datasets/Tools_Instruments_and_Appliances/Camera/Natural/10_Camera.jpeg","https://tactileeval.s3.us-east-1.amazonaws.com/family_datasets/Tools_Instruments_and_Appliances/Camera/Tactile/10.jpg","","[{""question1"":{""orientation_match"":false,""view_frontal"":true,""view_perspective"":false,""view_side"":false,""view_top"":false},""question10"":{""orientation_match"":true,""view_frontal"":true,""view_perspective"":false,""view_side"":false,""view_top"":false},""question2"":{""orientation_match"":false,""view_frontal"":false,""view_perspective"":false,""view_side"":true,""view_top"":false},""question3"":{""orientation_match"":true,""view_frontal"":true,""view_perspective"":false,""view_side"":false,""view_top"":false},""question4"":{""orientation_match"":false,""view_frontal"":true,""view_perspective"":false,""view_side"":false,""view_top"":false},""question5"":{""orientation_match"":true,""view_frontal"":true,""view_perspective"":false,""view_side"":false,""view_top"":false},""question6"":{""orientation_match"":true,""view_frontal"":true,""view_perspective"":false,""view_side"":false,""view_top"":false},""question7"":{""orientation_match"":false,""view_frontal"":true,""view_perspective"":false,""view_side"":false,""view_top"":false},""question8"":{""orientation_match"":false,""view_frontal"":true,""view_perspective"":false,""view_side"":false,""view_top"":false},""question9"":{""orientation_match"":false,""view_frontal"":true,""view_perspective"":false,""view_side"":false,""view_top"":false}}]"
"3UYRNV2KJLDN1Z83PAZKX7BUH5G8N8","3BHRGUFAI0A6J7Y48A1RI398KZKSCH","Categorize images based on view.","Review 10 line-arts and judge if it has same or different views. Identify view for each tactile. (10 pairs)","tactile, image review, accessibility, tools, instruments and appliances","$0.08","Sat Apr 18 18:48:15 PDT 2026","9","BatchId:5385948;OriginalHitTemplateId:928390873;","1800","1296000","Sat Apr 25 18:48:15 PDT 2026","","","33TIN5LC1XOJDNTKR6JA23059ZLY9V","A33I0A28TLIR6J","Approved","Sat Apr 18 18:55:54 PDT 2026","Sat Apr 18 19:03:50 PDT 2026","Sun May 03 19:03:50 PDT 2026","Sun Apr 19 07:41:32 PDT 2026","","","476","75% (21/28)","30% (3/10)","30% (3/10)","Camera","https://tactileeval.s3.us-east-1.amazonaws.com/family_datasets/Tools_Instruments_and_Appliances/Camera/Natural/11_Camera.jpeg","https://tactileeval.s3.us-east-1.amazonaws.com/family_datasets/Tools_Instruments_and_Appliances/Camera/Tactile/11.jpg","","Camera","https://tactileeval.s3.us-east-1.amazonaws.com/family_datasets/Tools_Instruments_and_Appliances/Camera/Natural/12_Camera.jpeg","https://tactileeval.s3.us-east-1.amazonaws.com/family_datasets/Tools_Instruments_and_Appliances/Camera/Tactile/12.jpg","","Guitar","https://tactileeval.s3.us-east-1.amazonaws.com/family_datasets/Tools_Instruments_and_Appliances/Guitar/Natural/1_guitar.jpg","https://tactileeval.s3.us-east-1.amazonaws.com/family_datasets/Tools_Instruments_and_Appliances/Guitar/Tactile/1.jpg","","Guitar","https://tactileeval.s3.us-east-1.amazonaws.com/family_datasets/Tools_Instruments_and_Appliances/Guitar/Natural/2_guitar_refined.png","https://tactileeval.s3.us-east-1.amazonaws.com/family_datasets/Tools_Instruments_and_Appliances/Guitar/Tactile/2_refined.png","","Guitar","https://tactileeval.s3.us-east-1.amazonaws.com/family_datasets/Tools_Instruments_and_Appliances/Guitar/Natural/3_guitar.jpg","https://tactileeval.s3.us-east-1.amazonaws.com/family_datasets/Tools_Instruments_and_Appliances/Guitar/Tactile/3.jpg","","Guitar","https://tactileeval.s3.us-east-1.amazonaws.com/family_datasets/Tools_Instruments_and_Appliances/Guitar/Natural/4_guitar.jpg","https://tactileeval.s3.us-east-1.amazonaws.com/family_datasets/Tools_Instruments_and_Appliances/Guitar/Tactile/4.jpg","","Guitar","https://tactileeval.s3.us-east-1.amazonaws.com/family_datasets/Tools_Instruments_and_Appliances/Guitar/Natural/5_guitar.jpg","https://tactileeval.s3.us-east-1.amazonaws.com/family_datasets/Tools_Instruments_and_Appliances/Guitar/Tactile/5.jpg","","Guitar","https://tactileeval.s3.us-east-1.amazonaws.com/family_datasets/Tools_Instruments_and_Appliances/Guitar/Natural/6_guitar.jpg","https://tactileeval.s3.us-east-1.amazonaws.com/family_datasets/Tools_Instruments_and_Appliances/Guitar/Tactile/6.jpg","","Guitar","https://tactileeval.s3.us-east-1.amazonaws.com/family_datasets/Tools_Instruments_and_Appliances/Guitar/Natural/7_guitar.webp","https://tactileeval.s3.us-east-1.amazonaws.com/family_datasets/Tools_Instruments_and_Appliances/Guitar/Tactile/7.jpg","","Guitar","https://tactileeval.s3.us-east-1.amazonaws.com/family_datasets/Tools_Instruments_and_Appliances/Guitar/Natural/8_guitar.jpg","https://tactileeval.s3.us-east-1.amazonaws.com/family_datasets/Tools_Instruments_and_Appliances/Guitar/Tactile/8.jpg","","[{""question1"":{""orientation_match"":true,""view_frontal"":true,""view_perspective"":false,""view_side"":false,""view_top"":false},""question10"":{""orientation_match"":true,""view_frontal"":true,""view_perspective"":false,""view_side"":false,""view_top"":false},""question2"":{""orientation_match"":true,""view_frontal"":true,""view_perspective"":false,""view_side"":false,""view_top"":false},""question3"":{""orientation_match"":true,""view_frontal"":true,""view_perspective"":false,""view_side"":false,""view_top"":false},""question4"":{""orientation_match"":true,""view_frontal"":true,""view_perspective"":false,""view_side"":false,""view_top"":false},""question5"":{""orientation_match"":true,""view_frontal"":true,""view_perspective"":false,""view_side"":false,""view_top"":false},""question6"":{""orientation_match"":true,""view_frontal"":true,""view_perspective"":false,""view_side"":false,""view_top"":false},""question7"":{""orientation_match"":false,""view_frontal"":false,""view_perspective"":false,""view_side"":false,""view_top"":true},""question8"":{""orientation_match"":true,""view_frontal"":false,""view_perspective"":false,""view_side"":false,""view_top"":true},""question9"":{""orientation_match"":true,""view_frontal"":true,""view_perspective"":false,""view_side"":false,""view_top"":false}}]"
"3UYRNV2KJLDN1Z83PAZKX7BUH5G8N8","3BHRGUFAI0A6J7Y48A1RI398KZKSCH","Categorize images based on view.","Review 10 line-arts and judge if it has same or different views. Identify view for each tactile. (10 pairs)","tactile, image review, accessibility, tools, instruments and appliances","$0.08","Sat Apr 18 18:48:15 PDT 2026","9","BatchId:5385948;OriginalHitTemplateId:928390873;","1800","1296000","Sat Apr 25 18:48:15 PDT 2026","","","3X08E93BIOWUCKHGNGL6Z2PAKOX665","AANFSTZSFMWNW","Rejected","Sat Apr 18 19:09:08 PDT 2026","Sat Apr 18 19:09:52 PDT 2026","Sun May 03 19:09:52 PDT 2026","","Sun Apr 19 07:41:32 PDT 2026","Thank you for your time. Unfortunately this submission did not pass the embedded gold-standard checks; this task requires very careful attention to detail.","44","88% (146/165)","25% (3/12)","25% (3/12)","Camera","https://tactileeval.s3.us-east-1.amazonaws.com/family_datasets/Tools_Instruments_and_Appliances/Camera/Natural/11_Camera.jpeg","https://tactileeval.s3.us-east-1.amazonaws.com/family_datasets/Tools_Instruments_and_Appliances/Camera/Tactile/11.jpg","","Camera","https://tactileeval.s3.us-east-1.amazonaws.com/family_datasets/Tools_Instruments_and_Appliances/Camera/Natural/12_Camera.jpeg","https://tactileeval.s3.us-east-1.amazonaws.com/family_datasets/Tools_Instruments_and_Appliances/Camera/Tactile/12.jpg","","Guitar","https://tactileeval.s3.us-east-1.amazonaws.com/family_datasets/Tools_Instruments_and_Appliances/Guitar/Natural/1_guitar.jpg","https://tactileeval.s3.us-east-1.amazonaws.com/family_datasets/Tools_Instruments_and_Appliances/Guitar/Tactile/1.jpg","","Guitar","https://tactileeval.s3.us-east-1.amazonaws.com/family_datasets/Tools_Instruments_and_Appliances/Guitar/Natural/2_guitar_refined.png","https://tactileeval.s3.us-east-1.amazonaws.com/family_datasets/Tools_Instruments_and_Appliances/Guitar/Tactile/2_refined.png","","Guitar","https://tactileeval.s3.us-east-1.amazonaws.com/family_datasets/Tools_Instruments_and_Appliances/Guitar/Natural/3_guitar.jpg","https://tactileeval.s3.us-east-1.amazonaws.com/family_datasets/Tools_Instruments_and_Appliances/Guitar/Tactile/3.jpg","","Guitar","https://tactileeval.s3.us-east-1.amazonaws.com/family_datasets/Tools_Instruments_and_Appliances/Guitar/Natural/4_guitar.jpg","https://tactileeval.s3.us-east-1.amazonaws.com/family_datasets/Tools_Instruments_and_Appliances/Guitar/Tactile/4.jpg","","Guitar","https://tactileeval.s3.us-east-1.amazonaws.com/family_datasets/Tools_Instruments_and_Appliances/Guitar/Natural/5_guitar.jpg","https://tactileeval.s3.us-east-1.amazonaws.com/family_datasets/Tools_Instruments_and_Appliances/Guitar/Tactile/5.jpg","","Guitar","https://tactileeval.s3.us-east-1.amazonaws.com/family_datasets/Tools_Instruments_and_Appliances/Guitar/Natural/6_guitar.jpg","https://tactileeval.s3.us-east-1.amazonaws.com/family_datasets/Tools_Instruments_and_Appliances/Guitar/Tactile/6.jpg","","Guitar","https://tactileeval.s3.us-east-1.amazonaws.com/family_datasets/Tools_Instruments_and_Appliances/Guitar/Natural/7_guitar.webp","https://tactileeval.s3.us-east-1.amazonaws.com/family_datasets/Tools_Instruments_and_Appliances/Guitar/Tactile/7.jpg","","Guitar","https://tactileeval.s3.us-east-1.amazonaws.com/family_datasets/Tools_Instruments_and_Appliances/Guitar/Natural/8_guitar.jpg","https://tactileeval.s3.us-east-1.amazonaws.com/family_datasets/Tools_Instruments_and_Appliances/Guitar/Tactile/8.jpg","","[{""question1"":{""orientation_match"":false,""view_frontal"":true,""view_perspective"":false,""view_side"":false,""view_top"":false},""question10"":{""orientation_match"":true,""view_frontal"":false,""view_perspective"":false,""view_side"":false,""view_top"":true},""question2"":{""orientation_match"":true,""view_frontal"":true,""view_perspective"":false,""view_side"":false,""view_top"":false},""question3"":{""orientation_match"":true,""view_frontal"":false,""view_perspective"":false,""view_side"":true,""view_top"":false},""question4"":{""orientation_match"":true,""view_frontal"":false,""view_perspective"":false,""view_side"":false,""view_top"":true},""question5"":{""orientation_match"":true,""view_frontal"":true,""view_perspective"":false,""view_side"":false,""view_top"":false},""question6"":{""orientation_match"":true,""view_frontal"":false,""view_perspective"":false,""view_side"":true,""view_top"":false},""question7"":{""orientation_match"":true,""view_frontal"":false,""view_perspective"":false,""view_side"":false,""view_top"":true},""question8"":{""orientation_match"":true,""view_frontal"":false,""view_perspective"":true,""view_side"":false,""view_top"":false},""question9"":{""orientation_match"":true,""view_frontal"":true,""view_perspective"":false,""view_side"":false,""view_top"":false}}]"
"3UYRNV2KJLDN1Z83PAZKX7BUH5G8N8","3BHRGUFAI0A6J7Y48A1RI398KZKSCH","Categorize images based on view.","Review 10 line-arts and judge if it has same or different views. Identify view for each tactile. (10 pairs)","tactile, image review, accessibility, tools, instruments and appliances","$0.08","Sat Apr 18 18:48:15 PDT 2026","9","BatchId:5385948;OriginalHitTemplateId:928390873;","1800","1296000","Sat Apr 25 18:48:15 PDT 2026","","","3BWI6RSP89NHTZO0C89WH4HJWXB7EW","A312G4F6TIKFFQ","Approved","Sat Apr 18 20:51:18 PDT 2026","Sat Apr 18 20:52:06 PDT 2026","Sun May 03 20:52:06 PDT 2026","Sun Apr 19 07:41:32 PDT 2026","","","48","70% (26/37)","35% (6/17)","35% (6/17)","Camera","https://tactileeval.s3.us-east-1.amazonaws.com/family_datasets/Tools_Instruments_and_Appliances/Camera/Natural/11_Camera.jpeg","https://tactileeval.s3.us-east-1.amazonaws.com/family_datasets/Tools_Instruments_and_Appliances/Camera/Tactile/11.jpg","","Camera","https://tactileeval.s3.us-east-1.amazonaws.com/family_datasets/Tools_Instruments_and_Appliances/Camera/Natural/12_Camera.jpeg","https://tactileeval.s3.us-east-1.amazonaws.com/family_datasets/Tools_Instruments_and_Appliances/Camera/Tactile/12.jpg","","Guitar","https://tactileeval.s3.us-east-1.amazonaws.com/family_datasets/Tools_Instruments_and_Appliances/Guitar/Natural/1_guitar.jpg","https://tactileeval.s3.us-east-1.amazonaws.com/family_datasets/Tools_Instruments_and_Appliances/Guitar/Tactile/1.jpg","","Guitar","https://tactileeval.s3.us-east-1.amazonaws.com/family_datasets/Tools_Instruments_and_Appliances/Guitar/Natural/2_guitar_refined.png","https://tactileeval.s3.us-east-1.amazonaws.com/family_datasets/Tools_Instruments_and_Appliances/Guitar/Tactile/2_refined.png","","Guitar","https://tactileeval.s3.us-east-1.amazonaws.com/family_datasets/Tools_Instruments_and_Appliances/Guitar/Natural/3_guitar.jpg","https://tactileeval.s3.us-east-1.amazonaws.com/family_datasets/Tools_Instruments_and_Appliances/Guitar/Tactile/3.jpg","","Guitar","https://tactileeval.s3.us-east-1.amazonaws.com/family_datasets/Tools_Instruments_and_Appliances/Guitar/Natural/4_guitar.jpg","https://tactileeval.s3.us-east-1.amazonaws.com/family_datasets/Tools_Instruments_and_Appliances/Guitar/Tactile/4.jpg","","Guitar","https://tactileeval.s3.us-east-1.amazonaws.com/family_datasets/Tools_Instruments_and_Appliances/Guitar/Natural/5_guitar.jpg","https://tactileeval.s3.us-east-1.amazonaws.com/family_datasets/Tools_Instruments_and_Appliances/Guitar/Tactile/5.jpg","","Guitar","https://tactileeval.s3.us-east-1.amazonaws.com/family_datasets/Tools_Instruments_and_Appliances/Guitar/Natural/6_guitar.jpg","https://tactileeval.s3.us-east-1.amazonaws.com/family_datasets/Tools_Instruments_and_Appliances/Guitar/Tactile/6.jpg","","Guitar","https://tactileeval.s3.us-east-1.amazonaws.com/family_datasets/Tools_Instruments_and_Appliances/Guitar/Natural/7_guitar.webp","https://tactileeval.s3.us-east-1.amazonaws.com/family_datasets/Tools_Instruments_and_Appliances/Guitar/Tactile/7.jpg","","Guitar","https://tactileeval.s3.us-east-1.amazonaws.com/family_datasets/Tools_Instruments_and_Appliances/Guitar/Natural/8_guitar.jpg","https://tactileeval.s3.us-east-1.amazonaws.com/family_datasets/Tools_Instruments_and_Appliances/Guitar/Tactile/8.jpg","","[{""question1"":{""orientation_match"":true,""view_frontal"":true,""view_perspective"":false,""view_side"":false,""view_top"":false},""question10"":{""orientation_match"":true,""view_frontal"":false,""view_perspective"":true,""view_side"":false,""view_top"":false},""question2"":{""orientation_match"":true,""view_frontal"":true,""view_perspective"":false,""view_side"":false,""view_top"":false},""question3"":{""orientation_match"":true,""view_frontal"":true,""view_perspective"":false,""view_side"":false,""view_top"":false},""question4"":{""orientation_match"":true,""view_frontal"":true,""view_perspective"":false,""view_side"":false,""view_top"":false},""question5"":{""orientation_match"":true,""view_frontal"":true,""view_perspective"":false,""view_side"":false,""view_top"":false},""question6"":{""orientation_match"":true,""view_frontal"":true,""view_perspective"":false,""view_side"":false,""view_top"":false},""question7"":{""orientation_match"":false,""view_frontal"":false,""view_perspective"":true,""view_side"":false,""view_top"":false},""question8"":{""orientation_match"":true,""view_frontal"":false,""view_perspective"":false,""view_side"":true,""view_top"":false},""question9"":{""orientation_match"":true,""view_frontal"":true,""view_perspective"":false,""view_side"":false,""view_top"":false}}]"
"3UYRNV2KJLDN1Z83PAZKX7BUH5G8N8","3BHRGUFAI0A6J7Y48A1RI398KZKSCH","Categorize images based on view.","Review 10 line-arts and judge if it has same or different views. Identify view for each tactile. (10 pairs)","tactile, image review, accessibility, tools, instruments and appliances","$0.08","Sat Apr 18 18:48:15 PDT 2026","9","BatchId:5385948;OriginalHitTemplateId:928390873;","1800","1296000","Sat Apr 25 18:48:15 PDT 2026","","","3FTYUGLFTNZXEPWHSKJFD2L25FJD5Y","AJZHPDCKUVRM8","Approved","Sat Apr 18 22:11:07 PDT 2026","Sat Apr 18 22:11:33 PDT 2026","Sun May 03 22:11:33 PDT 2026","Sun Apr 19 07:41:32 PDT 2026","","","26","86% (68/79)","86% (68/79)","86% (68/79)","Camera","https://tactileeval.s3.us-east-1.amazonaws.com/family_datasets/Tools_Instruments_and_Appliances/Camera/Natural/11_Camera.jpeg","https://tactileeval.s3.us-east-1.amazonaws.com/family_datasets/Tools_Instruments_and_Appliances/Camera/Tactile/11.jpg","","Camera","https://tactileeval.s3.us-east-1.amazonaws.com/family_datasets/Tools_Instruments_and_Appliances/Camera/Natural/12_Camera.jpeg","https://tactileeval.s3.us-east-1.amazonaws.com/family_datasets/Tools_Instruments_and_Appliances/Camera/Tactile/12.jpg","","Guitar","https://tactileeval.s3.us-east-1.amazonaws.com/family_datasets/Tools_Instruments_and_Appliances/Guitar/Natural/1_guitar.jpg","https://tactileeval.s3.us-east-1.amazonaws.com/family_datasets/Tools_Instruments_and_Appliances/Guitar/Tactile/1.jpg","","Guitar","https://tactileeval.s3.us-east-1.amazonaws.com/family_datasets/Tools_Instruments_and_Appliances/Guitar/Natural/2_guitar_refined.png","https://tactileeval.s3.us-east-1.amazonaws.com/family_datasets/Tools_Instruments_and_Appliances/Guitar/Tactile/2_refined.png","","Guitar","https://tactileeval.s3.us-east-1.amazonaws.com/family_datasets/Tools_Instruments_and_Appliances/Guitar/Natural/3_guitar.jpg","https://tactileeval.s3.us-east-1.amazonaws.com/family_datasets/Tools_Instruments_and_Appliances/Guitar/Tactile/3.jpg","","Guitar","https://tactileeval.s3.us-east-1.amazonaws.com/family_datasets/Tools_Instruments_and_Appliances/Guitar/Natural/4_guitar.jpg","https://tactileeval.s3.us-east-1.amazonaws.com/family_datasets/Tools_Instruments_and_Appliances/Guitar/Tactile/4.jpg","","Guitar","https://tactileeval.s3.us-east-1.amazonaws.com/family_datasets/Tools_Instruments_and_Appliances/Guitar/Natural/5_guitar.jpg","https://tactileeval.s3.us-east-1.amazonaws.com/family_datasets/Tools_Instruments_and_Appliances/Guitar/Tactile/5.jpg","","Guitar","https://tactileeval.s3.us-east-1.amazonaws.com/family_datasets/Tools_Instruments_and_Appliances/Guitar/Natural/6_guitar.jpg","https://tactileeval.s3.us-east-1.amazonaws.com/family_datasets/Tools_Instruments_and_Appliances/Guitar/Tactile/6.jpg","","Guitar","https://tactileeval.s3.us-east-1.amazonaws.com/family_datasets/Tools_Instruments_and_Appliances/Guitar/Natural/7_guitar.webp","https://tactileeval.s3.us-east-1.amazonaws.com/family_datasets/Tools_Instruments_and_Appliances/Guitar/Tactile/7.jpg","","Guitar","https://tactileeval.s3.us-east-1.amazonaws.com/family_datasets/Tools_Instruments_and_Appliances/Guitar/Natural/8_guitar.jpg","https://tactileeval.s3.us-east-1.amazonaws.com/family_datasets/Tools_Instruments_and_Appliances/Guitar/Tactile/8.jpg","","[{""question1"":{""orientation_match"":true,""view_frontal"":true,""view_perspective"":false,""view_side"":false,""view_top"":false},""question10"":{""orientation_match"":true,""view_frontal"":true,""view_perspective"":false,""view_side"":false,""view_top"":false},""question2"":{""orientation_match"":true,""view_frontal"":true,""view_perspective"":false,""view_side"":false,""view_top"":false},""question3"":{""orientation_match"":true,""view_frontal"":true,""view_perspective"":false,""view_side"":false,""view_top"":false},""question4"":{""orientation_match"":true,""view_frontal"":true,""view_perspective"":false,""view_side"":false,""view_top"":false},""question5"":{""orientation_match"":true,""view_frontal"":true,""view_perspective"":false,""view_side"":false,""view_top"":false},""question6"":{""orientation_match"":true,""view_frontal"":true,""view_perspective"":false,""view_side"":false,""view_top"":false},""question7"":{""orientation_match"":true,""view_frontal"":false,""view_perspective"":true,""view_side"":false,""view_top"":false},""question8"":{""orientation_match"":true,""view_frontal"":false,""view_perspective"":true,""view_side"":false,""view_top"":false},""question9"":{""orientation_match"":true,""view_frontal"":true,""view_perspective"":false,""view_side"":false,""view_top"":false}}]"
"3UYRNV2KJLDN1Z83PAZKX7BUH5G8N8","3BHRGUFAI0A6J7Y48A1RI398KZKSCH","Categorize images based on view.","Review 10 line-arts and judge if it has same or different views. Identify view for each tactile. (10 pairs)","tactile, image review, accessibility, tools, instruments and appliances","$0.08","Sat Apr 18 18:48:15 PDT 2026","9","BatchId:5385948;OriginalHitTemplateId:928390873;","1800","1296000","Sat Apr 25 18:48:15 PDT 2026","","","379J5II42HUG8KD2G2A609ZKRHKLEN","A2YDVX56BVBEP8","Approved","Sat Apr 18 22:12:37 PDT 2026","Sat Apr 18 22:20:43 PDT 2026","Sun May 03 22:20:43 PDT 2026","Sun Apr 19 07:41:32 PDT 2026","","","486","25% (1/4)","25% (1/4)","25% (1/4)","Camera","https://tactileeval.s3.us-east-1.amazonaws.com/family_datasets/Tools_Instruments_and_Appliances/Camera/Natural/11_Camera.jpeg","https://tactileeval.s3.us-east-1.amazonaws.com/family_datasets/Tools_Instruments_and_Appliances/Camera/Tactile/11.jpg","","Camera","https://tactileeval.s3.us-east-1.amazonaws.com/family_datasets/Tools_Instruments_and_Appliances/Camera/Natural/12_Camera.jpeg","https://tactileeval.s3.us-east-1.amazonaws.com/family_datasets/Tools_Instruments_and_Appliances/Camera/Tactile/12.jpg","","Guitar","https://tactileeval.s3.us-east-1.amazonaws.com/family_datasets/Tools_Instruments_and_Appliances/Guitar/Natural/1_guitar.jpg","https://tactileeval.s3.us-east-1.amazonaws.com/family_datasets/Tools_Instruments_and_Appliances/Guitar/Tactile/1.jpg","","Guitar","https://tactileeval.s3.us-east-1.amazonaws.com/family_datasets/Tools_Instruments_and_Appliances/Guitar/Natural/2_guitar_refined.png","https://tactileeval.s3.us-east-1.amazonaws.com/family_datasets/Tools_Instruments_and_Appliances/Guitar/Tactile/2_refined.png","","Guitar","https://tactileeval.s3.us-east-1.amazonaws.com/family_datasets/Tools_Instruments_and_Appliances/Guitar/Natural/3_guitar.jpg","https://tactileeval.s3.us-east-1.amazonaws.com/family_datasets/Tools_Instruments_and_Appliances/Guitar/Tactile/3.jpg","","Guitar","https://tactileeval.s3.us-east-1.amazonaws.com/family_datasets/Tools_Instruments_and_Appliances/Guitar/Natural/4_guitar.jpg","https://tactileeval.s3.us-east-1.amazonaws.com/family_datasets/Tools_Instruments_and_Appliances/Guitar/Tactile/4.jpg","","Guitar","https://tactileeval.s3.us-east-1.amazonaws.com/family_datasets/Tools_Instruments_and_Appliances/Guitar/Natural/5_guitar.jpg","https://tactileeval.s3.us-east-1.amazonaws.com/family_datasets/Tools_Instruments_and_Appliances/Guitar/Tactile/5.jpg","","Guitar","https://tactileeval.s3.us-east-1.amazonaws.com/family_datasets/Tools_Instruments_and_Appliances/Guitar/Natural/6_guitar.jpg","https://tactileeval.s3.us-east-1.amazonaws.com/family_datasets/Tools_Instruments_and_Appliances/Guitar/Tactile/6.jpg","","Guitar","https://tactileeval.s3.us-east-1.amazonaws.com/family_datasets/Tools_Instruments_and_Appliances/Guitar/Natural/7_guitar.webp","https://tactileeval.s3.us-east-1.amazonaws.com/family_datasets/Tools_Instruments_and_Appliances/Guitar/Tactile/7.jpg","","Guitar","https://tactileeval.s3.us-east-1.amazonaws.com/family_datasets/Tools_Instruments_and_Appliances/Guitar/Natural/8_guitar.jpg","https://tactileeval.s3.us-east-1.amazonaws.com/family_datasets/Tools_Instruments_and_Appliances/Guitar/Tactile/8.jpg","","[{""question1"":{""orientation_match"":true,""view_frontal"":true,""view_perspective"":false,""view_side"":false,""view_top"":false},""question10"":{""orientation_match"":false,""view_frontal"":false,""view_perspective"":false,""view_side"":false,""view_top"":true},""question2"":{""orientation_match"":false,""view_frontal"":true,""view_perspective"":false,""view_side"":false,""view_top"":false},""question3"":{""orientation_match"":true,""view_frontal"":true,""view_perspective"":false,""view_side"":false,""view_top"":false},""question4"":{""orientation_match"":false,""view_frontal"":true,""view_perspective"":false,""view_side"":false,""view_top"":false},""question5"":{""orientation_match"":false,""view_frontal"":false,""view_perspective"":false,""view_side"":true,""view_top"":false},""question6"":{""orientation_match"":false,""view_frontal"":false,""view_perspective"":false,""view_side"":true,""view_top"":false},""question7"":{""orientation_match"":false,""view_frontal"":false,""view_perspective"":false,""view_side"":true,""view_top"":false},""question8"":{""orientation_match"":false,""view_frontal"":false,""view_perspective"":false,""view_side"":true,""view_top"":false},""question9"":{""orientation_match"":false,""view_frontal"":false,""view_perspective"":false,""view_side"":true,""view_top"":false}}]"
"3UYRNV2KJLDN1Z83PAZKX7BUH5G8N8","3BHRGUFAI0A6J7Y48A1RI398KZKSCH","Categorize images based on view.","Review 10 line-arts and judge if it has same or different views. Identify view for each tactile. (10 pairs)","tactile, image review, accessibility, tools, instruments and appliances","$0.08","Sat Apr 18 18:48:15 PDT 2026","9","BatchId:5385948;OriginalHitTemplateId:928390873;","1800","1296000","Sat Apr 25 18:48:15 PDT 2026","","","3MRNMEIQXYKBGEZ2K7ZMURHZR5JDLM","A2UZP2FRACKPK1","Approved","Sat Apr 18 22:12:19 PDT 2026","Sat Apr 18 22:37:24 PDT 2026","Sun May 03 22:37:24 PDT 2026","Sun Apr 19 07:41:32 PDT 2026","","","1505","56% (5/9)","56% (5/9)","56% (5/9)","Camera","https://tactileeval.s3.us-east-1.amazonaws.com/family_datasets/Tools_Instruments_and_Appliances/Camera/Natural/11_Camera.jpeg","https://tactileeval.s3.us-east-1.amazonaws.com/family_datasets/Tools_Instruments_and_Appliances/Camera/Tactile/11.jpg","","Camera","https://tactileeval.s3.us-east-1.amazonaws.com/family_datasets/Tools_Instruments_and_Appliances/Camera/Natural/12_Camera.jpeg","https://tactileeval.s3.us-east-1.amazonaws.com/family_datasets/Tools_Instruments_and_Appliances/Camera/Tactile/12.jpg","","Guitar","https://tactileeval.s3.us-east-1.amazonaws.com/family_datasets/Tools_Instruments_and_Appliances/Guitar/Natural/1_guitar.jpg","https://tactileeval.s3.us-east-1.amazonaws.com/family_datasets/Tools_Instruments_and_Appliances/Guitar/Tactile/1.jpg","","Guitar","https://tactileeval.s3.us-east-1.amazonaws.com/family_datasets/Tools_Instruments_and_Appliances/Guitar/Natural/2_guitar_refined.png","https://tactileeval.s3.us-east-1.amazonaws.com/family_datasets/Tools_Instruments_and_Appliances/Guitar/Tactile/2_refined.png","","Guitar","https://tactileeval.s3.us-east-1.amazonaws.com/family_datasets/Tools_Instruments_and_Appliances/Guitar/Natural/3_guitar.jpg","https://tactileeval.s3.us-east-1.amazonaws.com/family_datasets/Tools_Instruments_and_Appliances/Guitar/Tactile/3.jpg","","Guitar","https://tactileeval.s3.us-east-1.amazonaws.com/family_datasets/Tools_Instruments_and_Appliances/Guitar/Natural/4_guitar.jpg","https://tactileeval.s3.us-east-1.amazonaws.com/family_datasets/Tools_Instruments_and_Appliances/Guitar/Tactile/4.jpg","","Guitar","https://tactileeval.s3.us-east-1.amazonaws.com/family_datasets/Tools_Instruments_and_Appliances/Guitar/Natural/5_guitar.jpg","https://tactileeval.s3.us-east-1.amazonaws.com/family_datasets/Tools_Instruments_and_Appliances/Guitar/Tactile/5.jpg","","Guitar","https://tactileeval.s3.us-east-1.amazonaws.com/family_datasets/Tools_Instruments_and_Appliances/Guitar/Natural/6_guitar.jpg","https://tactileeval.s3.us-east-1.amazonaws.com/family_datasets/Tools_Instruments_and_Appliances/Guitar/Tactile/6.jpg","","Guitar","https://tactileeval.s3.us-east-1.amazonaws.com/family_datasets/Tools_Instruments_and_Appliances/Guitar/Natural/7_guitar.webp","https://tactileeval.s3.us-east-1.amazonaws.com/family_datasets/Tools_Instruments_and_Appliances/Guitar/Tactile/7.jpg","","Guitar","https://tactileeval.s3.us-east-1.amazonaws.com/family_datasets/Tools_Instruments_and_Appliances/Guitar/Natural/8_guitar.jpg","https://tactileeval.s3.us-east-1.amazonaws.com/family_datasets/Tools_Instruments_and_Appliances/Guitar/Tactile/8.jpg","","[{""question1"":{""orientation_match"":false,""view_frontal"":true,""view_perspective"":false,""view_side"":false,""view_top"":false},""question10"":{""orientation_match"":true,""view_frontal"":true,""view_perspective"":false,""view_side"":false,""view_top"":false},""question2"":{""orientation_match"":true,""view_frontal"":true,""view_perspective"":false,""view_side"":false,""view_top"":false},""question3"":{""orientation_match"":true,""view_frontal"":true,""view_perspective"":false,""view_side"":false,""view_top"":false},""question4"":{""orientation_match"":true,""view_frontal"":true,""view_perspective"":false,""view_side"":false,""view_top"":false},""question5"":{""orientation_match"":true,""view_frontal"":true,""view_perspective"":false,""view_side"":false,""view_top"":false},""question6"":{""orientation_match"":true,""view_frontal"":true,""view_perspective"":false,""view_side"":false,""view_top"":false},""question7"":{""orientation_match"":true,""view_frontal"":false,""view_perspective"":true,""view_side"":false,""view_top"":false},""question8"":{""orientation_match"":true,""view_frontal"":true,""view_perspective"":false,""view_side"":false,""view_top"":false},""question9"":{""orientation_match"":true,""view_frontal"":true,""view_perspective"":false,""view_side"":false,""view_top"":false}}]"
"3UYRNV2KJLDN1Z83PAZKX7BUH5G8N8","3BHRGUFAI0A6J7Y48A1RI398KZKSCH","Categorize images based on view.","Review 10 line-arts and judge if it has same or different views. Identify view for each tactile. (10 pairs)","tactile, image review, accessibility, tools, instruments and appliances","$0.08","Sat Apr 18 18:48:15 PDT 2026","9","BatchId:5385948;OriginalHitTemplateId:928390873;","1800","1296000","Sat Apr 25 18:48:15 PDT 2026","","","3OHYZ19UH5JLOSZNDPOCW7DN17ROAC","A160C751AAPJOO","Approved","Sat Apr 18 22:13:00 PDT 2026","Sat Apr 18 22:38:45 PDT 2026","Sun May 03 22:38:45 PDT 2026","Sun Apr 19 07:41:33 PDT 2026","","","1545","75% (6/8)","75% (6/8)","75% (6/8)","Camera","https://tactileeval.s3.us-east-1.amazonaws.com/family_datasets/Tools_Instruments_and_Appliances/Camera/Natural/11_Camera.jpeg","https://tactileeval.s3.us-east-1.amazonaws.com/family_datasets/Tools_Instruments_and_Appliances/Camera/Tactile/11.jpg","","Camera","https://tactileeval.s3.us-east-1.amazonaws.com/family_datasets/Tools_Instruments_and_Appliances/Camera/Natural/12_Camera.jpeg","https://tactileeval.s3.us-east-1.amazonaws.com/family_datasets/Tools_Instruments_and_Appliances/Camera/Tactile/12.jpg","","Guitar","https://tactileeval.s3.us-east-1.amazonaws.com/family_datasets/Tools_Instruments_and_Appliances/Guitar/Natural/1_guitar.jpg","https://tactileeval.s3.us-east-1.amazonaws.com/family_datasets/Tools_Instruments_and_Appliances/Guitar/Tactile/1.jpg","","Guitar","https://tactileeval.s3.us-east-1.amazonaws.com/family_datasets/Tools_Instruments_and_Appliances/Guitar/Natural/2_guitar_refined.png","https://tactileeval.s3.us-east-1.amazonaws.com/family_datasets/Tools_Instruments_and_Appliances/Guitar/Tactile/2_refined.png","","Guitar","https://tactileeval.s3.us-east-1.amazonaws.com/family_datasets/Tools_Instruments_and_Appliances/Guitar/Natural/3_guitar.jpg","https://tactileeval.s3.us-east-1.amazonaws.com/family_datasets/Tools_Instruments_and_Appliances/Guitar/Tactile/3.jpg","","Guitar","https://tactileeval.s3.us-east-1.amazonaws.com/family_datasets/Tools_Instruments_and_Appliances/Guitar/Natural/4_guitar.jpg","https://tactileeval.s3.us-east-1.amazonaws.com/family_datasets/Tools_Instruments_and_Appliances/Guitar/Tactile/4.jpg","","Guitar","https://tactileeval.s3.us-east-1.amazonaws.com/family_datasets/Tools_Instruments_and_Appliances/Guitar/Natural/5_guitar.jpg","https://tactileeval.s3.us-east-1.amazonaws.com/family_datasets/Tools_Instruments_and_Appliances/Guitar/Tactile/5.jpg","","Guitar","https://tactileeval.s3.us-east-1.amazonaws.com/family_datasets/Tools_Instruments_and_Appliances/Guitar/Natural/6_guitar.jpg","https://tactileeval.s3.us-east-1.amazonaws.com/family_datasets/Tools_Instruments_and_Appliances/Guitar/Tactile/6.jpg","","Guitar","https://tactileeval.s3.us-east-1.amazonaws.com/family_datasets/Tools_Instruments_and_Appliances/Guitar/Natural/7_guitar.webp","https://tactileeval.s3.us-east-1.amazonaws.com/family_datasets/Tools_Instruments_and_Appliances/Guitar/Tactile/7.jpg","","Guitar","https://tactileeval.s3.us-east-1.amazonaws.com/family_datasets/Tools_Instruments_and_Appliances/Guitar/Natural/8_guitar.jpg","https://tactileeval.s3.us-east-1.amazonaws.com/family_datasets/Tools_Instruments_and_Appliances/Guitar/Tactile/8.jpg","","[{""question1"":{""orientation_match"":false,""view_frontal"":true,""view_perspective"":false,""view_side"":false,""view_top"":false},""question10"":{""orientation_match"":true,""view_frontal"":true,""view_perspective"":false,""view_side"":false,""view_top"":false},""question2"":{""orientation_match"":true,""view_frontal"":true,""view_perspective"":false,""view_side"":false,""view_top"":false},""question3"":{""orientation_match"":false,""view_frontal"":true,""view_perspective"":false,""view_side"":false,""view_top"":false},""question4"":{""orientation_match"":true,""view_frontal"":true,""view_perspective"":false,""view_side"":false,""view_top"":false},""question5"":{""orientation_match"":true,""view_frontal"":true,""view_perspective"":false,""view_side"":false,""view_top"":false},""question6"":{""orientation_match"":true,""view_frontal"":true,""view_perspective"":false,""view_side"":false,""view_top"":false},""question7"":{""orientation_match"":true,""view_frontal"":false,""view_perspective"":true,""view_side"":false,""view_top"":false},""question8"":{""orientation_match"":true,""view_frontal"":true,""view_perspective"":false,""view_side"":false,""view_top"":false},""question9"":{""orientation_match"":true,""view_frontal"":true,""view_perspective"":false,""view_side"":false,""view_top"":false}}]"
"3UYRNV2KJLDN1Z83PAZKX7BUH5G8N8","3BHRGUFAI0A6J7Y48A1RI398KZKSCH","Categorize images based on view.","Review 10 line-arts and judge if it has same or different views. Identify view for each tactile. (10 pairs)","tactile, image review, accessibility, tools, instruments and appliances","$0.08","Sat Apr 18 18:48:15 PDT 2026","9","BatchId:5385948;OriginalHitTemplateId:928390873;","1800","1296000","Sat Apr 25 18:48:15 PDT 2026","","","3B2X28YI4PT0IWYBJ72EAIB2YQ1B6Q","A1YI3I2KCAXRHQ","Approved","Sun Apr 19 07:55:11 PDT 2026","Sun Apr 19 08:04:36 PDT 2026","Mon May 04 08:04:36 PDT 2026","Sun Apr 19 09:04:02 PDT 2026","","","565","20% (1/5)","20% (1/5)","20% (1/5)","Camera","https://tactileeval.s3.us-east-1.amazonaws.com/family_datasets/Tools_Instruments_and_Appliances/Camera/Natural/11_Camera.jpeg","https://tactileeval.s3.us-east-1.amazonaws.com/family_datasets/Tools_Instruments_and_Appliances/Camera/Tactile/11.jpg","","Camera","https://tactileeval.s3.us-east-1.amazonaws.com/family_datasets/Tools_Instruments_and_Appliances/Camera/Natural/12_Camera.jpeg","https://tactileeval.s3.us-east-1.amazonaws.com/family_datasets/Tools_Instruments_and_Appliances/Camera/Tactile/12.jpg","","Guitar","https://tactileeval.s3.us-east-1.amazonaws.com/family_datasets/Tools_Instruments_and_Appliances/Guitar/Natural/1_guitar.jpg","https://tactileeval.s3.us-east-1.amazonaws.com/family_datasets/Tools_Instruments_and_Appliances/Guitar/Tactile/1.jpg","","Guitar","https://tactileeval.s3.us-east-1.amazonaws.com/family_datasets/Tools_Instruments_and_Appliances/Guitar/Natural/2_guitar_refined.png","https://tactileeval.s3.us-east-1.amazonaws.com/family_datasets/Tools_Instruments_and_Appliances/Guitar/Tactile/2_refined.png","","Guitar","https://tactileeval.s3.us-east-1.amazonaws.com/family_datasets/Tools_Instruments_and_Appliances/Guitar/Natural/3_guitar.jpg","https://tactileeval.s3.us-east-1.amazonaws.com/family_datasets/Tools_Instruments_and_Appliances/Guitar/Tactile/3.jpg","","Guitar","https://tactileeval.s3.us-east-1.amazonaws.com/family_datasets/Tools_Instruments_and_Appliances/Guitar/Natural/4_guitar.jpg","https://tactileeval.s3.us-east-1.amazonaws.com/family_datasets/Tools_Instruments_and_Appliances/Guitar/Tactile/4.jpg","","Guitar","https://tactileeval.s3.us-east-1.amazonaws.com/family_datasets/Tools_Instruments_and_Appliances/Guitar/Natural/5_guitar.jpg","https://tactileeval.s3.us-east-1.amazonaws.com/family_datasets/Tools_Instruments_and_Appliances/Guitar/Tactile/5.jpg","","Guitar","https://tactileeval.s3.us-east-1.amazonaws.com/family_datasets/Tools_Instruments_and_Appliances/Guitar/Natural/6_guitar.jpg","https://tactileeval.s3.us-east-1.amazonaws.com/family_datasets/Tools_Instruments_and_Appliances/Guitar/Tactile/6.jpg","","Guitar","https://tactileeval.s3.us-east-1.amazonaws.com/family_datasets/Tools_Instruments_and_Appliances/Guitar/Natural/7_guitar.webp","https://tactileeval.s3.us-east-1.amazonaws.com/family_datasets/Tools_Instruments_and_Appliances/Guitar/Tactile/7.jpg","","Guitar","https://tactileeval.s3.us-east-1.amazonaws.com/family_datasets/Tools_Instruments_and_Appliances/Guitar/Natural/8_guitar.jpg","https://tactileeval.s3.us-east-1.amazonaws.com/family_datasets/Tools_Instruments_and_Appliances/Guitar/Tactile/8.jpg","","[{""question1"":{""orientation_match"":true,""view_frontal"":true,""view_perspective"":false,""view_side"":false,""view_top"":false},""question10"":{""orientation_match"":true,""view_frontal"":true,""view_perspective"":false,""view_side"":false,""view_top"":false},""question2"":{""orientation_match"":true,""view_frontal"":true,""view_perspective"":false,""view_side"":false,""view_top"":false},""question3"":{""orientation_match"":true,""view_frontal"":true,""view_perspective"":false,""view_side"":false,""view_top"":false},""question4"":{""orientation_match"":true,""view_frontal"":true,""view_perspective"":false,""view_side"":false,""view_top"":false},""question5"":{""orientation_match"":true,""view_frontal"":true,""view_perspective"":false,""view_side"":false,""view_top"":false},""question6"":{""orientation_match"":true,""view_frontal"":true,""view_perspective"":false,""view_side"":false,""view_top"":false},""question7"":{""orientation_match"":true,""view_frontal"":false,""view_perspective"":false,""view_side"":true,""view_top"":false},""question8"":{""orientation_match"":true,""view_frontal"":true,""view_perspective"":false,""view_side"":false,""view_top"":false},""question9"":{""orientation_match"":true,""view_frontal"":true,""view_perspective"":false,""view_side"":false,""view_top"":false}}]"
"3UYRNV2KJLDN1Z83PAZKX7BUH5G8N8","3BHRGUFAI0A6J7Y48A1RI398KZKSCH","Categorize images based on view.","Review 10 line-arts and judge if it has same or different views. Identify view for each tactile. (10 pairs)","tactile, image review, accessibility, tools, instruments and appliances","$0.08","Sat Apr 18 18:48:15 PDT 2026","9","BatchId:5385948;OriginalHitTemplateId:928390873;","1800","1296000","Sat Apr 25 18:48:15 PDT 2026","","","3NVC2EB66JDXYL44AXI0BQXJ98HY3M","A1KKY370WV8Z2Z","Approved","Sun Apr 19 07:59:12 PDT 2026","Sun Apr 19 08:16:02 PDT 2026","Mon May 04 08:16:02 PDT 2026","Sun Apr 19 09:04:02 PDT 2026","","","1010","50% (1/2)","50% (1/2)","50% (1/2)","Camera","https://tactileeval.s3.us-east-1.amazonaws.com/family_datasets/Tools_Instruments_and_Appliances/Camera/Natural/11_Camera.jpeg","https://tactileeval.s3.us-east-1.amazonaws.com/family_datasets/Tools_Instruments_and_Appliances/Camera/Tactile/11.jpg","","Camera","https://tactileeval.s3.us-east-1.amazonaws.com/family_datasets/Tools_Instruments_and_Appliances/Camera/Natural/12_Camera.jpeg","https://tactileeval.s3.us-east-1.amazonaws.com/family_datasets/Tools_Instruments_and_Appliances/Camera/Tactile/12.jpg","","Guitar","https://tactileeval.s3.us-east-1.amazonaws.com/family_datasets/Tools_Instruments_and_Appliances/Guitar/Natural/1_guitar.jpg","https://tactileeval.s3.us-east-1.amazonaws.com/family_datasets/Tools_Instruments_and_Appliances/Guitar/Tactile/1.jpg","","Guitar","https://tactileeval.s3.us-east-1.amazonaws.com/family_datasets/Tools_Instruments_and_Appliances/Guitar/Natural/2_guitar_refined.png","https://tactileeval.s3.us-east-1.amazonaws.com/family_datasets/Tools_Instruments_and_Appliances/Guitar/Tactile/2_refined.png","","Guitar","https://tactileeval.s3.us-east-1.amazonaws.com/family_datasets/Tools_Instruments_and_Appliances/Guitar/Natural/3_guitar.jpg","https://tactileeval.s3.us-east-1.amazonaws.com/family_datasets/Tools_Instruments_and_Appliances/Guitar/Tactile/3.jpg","","Guitar","https://tactileeval.s3.us-east-1.amazonaws.com/family_datasets/Tools_Instruments_and_Appliances/Guitar/Natural/4_guitar.jpg","https://tactileeval.s3.us-east-1.amazonaws.com/family_datasets/Tools_Instruments_and_Appliances/Guitar/Tactile/4.jpg","","Guitar","https://tactileeval.s3.us-east-1.amazonaws.com/family_datasets/Tools_Instruments_and_Appliances/Guitar/Natural/5_guitar.jpg","https://tactileeval.s3.us-east-1.amazonaws.com/family_datasets/Tools_Instruments_and_Appliances/Guitar/Tactile/5.jpg","","Guitar","https://tactileeval.s3.us-east-1.amazonaws.com/family_datasets/Tools_Instruments_and_Appliances/Guitar/Natural/6_guitar.jpg","https://tactileeval.s3.us-east-1.amazonaws.com/family_datasets/Tools_Instruments_and_Appliances/Guitar/Tactile/6.jpg","","Guitar","https://tactileeval.s3.us-east-1.amazonaws.com/family_datasets/Tools_Instruments_and_Appliances/Guitar/Natural/7_guitar.webp","https://tactileeval.s3.us-east-1.amazonaws.com/family_datasets/Tools_Instruments_and_Appliances/Guitar/Tactile/7.jpg","","Guitar","https://tactileeval.s3.us-east-1.amazonaws.com/family_datasets/Tools_Instruments_and_Appliances/Guitar/Natural/8_guitar.jpg","https://tactileeval.s3.us-east-1.amazonaws.com/family_datasets/Tools_Instruments_and_Appliances/Guitar/Tactile/8.jpg","","[{""question1"":{""orientation_match"":true,""view_frontal"":true,""view_perspective"":false,""view_side"":false,""view_top"":false},""question10"":{""orientation_match"":true,""view_frontal"":true,""view_perspective"":false,""view_side"":false,""view_top"":false},""question2"":{""orientation_match"":true,""view_frontal"":true,""view_perspective"":false,""view_side"":false,""view_top"":false},""question3"":{""orientation_match"":true,""view_frontal"":true,""view_perspective"":false,""view_side"":false,""view_top"":false},""question4"":{""orientation_match"":true,""view_frontal"":true,""view_perspective"":false,""view_side"":false,""view_top"":false},""question5"":{""orientation_match"":true,""view_frontal"":true,""view_perspective"":false,""view_side"":false,""view_top"":false},""question6"":{""orientation_match"":true,""view_frontal"":true,""view_perspective"":false,""view_side"":false,""view_top"":false},""question7"":{""orientation_match"":true,""view_frontal"":false,""view_perspective"":false,""view_side"":true,""view_top"":false},""question8"":{""orientation_match"":true,""view_frontal"":false,""view_perspective"":false,""view_side"":true,""view_top"":false},""question9"":{""orientation_match"":true,""view_frontal"":true,""view_perspective"":false,""view_side"":false,""view_top"":false}}]"
"3TC2K6WKA8GRCDJA3R105J8W6AP28B","3BHRGUFAI0A6J7Y48A1RI398KZKSCH","Categorize images based on view.","Review 10 line-arts and judge if it has same or different views. Identify view for each tactile. (10 pairs)","tactile, image review, accessibility, tools, instruments and appliances","$0.08","Sat Apr 18 18:48:15 PDT 2026","9","BatchId:5385948;OriginalHitTemplateId:928390873;","1800","1296000","Sat Apr 25 18:48:15 PDT 2026","","","3RJSC4XJ2T83F5VNG8VKYV1JBQU05C","A33I0A28TLIR6J","Rejected","Sat Apr 18 18:59:23 PDT 2026","Sat Apr 18 19:07:08 PDT 2026","Sun May 03 19:07:08 PDT 2026","","Sun Apr 19 07:41:33 PDT 2026","Thank you for your time. Unfortunately this submission did not pass the embedded gold-standard checks; this task requires very careful attention to detail.","465","75% (21/28)","30% (3/10)","30% (3/10)","Guitar","https://tactileeval.s3.us-east-1.amazonaws.com/family_datasets/Tools_Instruments_and_Appliances/Guitar/Natural/9_guitar.jpg","https://tactileeval.s3.us-east-1.amazonaws.com/family_datasets/Tools_Instruments_and_Appliances/Guitar/Tactile/9.jpg","","Guitar","https://tactileeval.s3.us-east-1.amazonaws.com/family_datasets/Tools_Instruments_and_Appliances/Guitar/Natural/10_guitar.jpg","https://tactileeval.s3.us-east-1.amazonaws.com/family_datasets/Tools_Instruments_and_Appliances/Guitar/Tactile/10.jpg","","Guitar","https://tactileeval.s3.us-east-1.amazonaws.com/family_datasets/Tools_Instruments_and_Appliances/Guitar/Natural/11_guitar.jpg","https://tactileeval.s3.us-east-1.amazonaws.com/family_datasets/Tools_Instruments_and_Appliances/Guitar/Tactile/11.jpg","","Guitar","https://tactileeval.s3.us-east-1.amazonaws.com/family_datasets/Tools_Instruments_and_Appliances/Guitar/Natural/12_guitar.webp","https://tactileeval.s3.us-east-1.amazonaws.com/family_datasets/Tools_Instruments_and_Appliances/Guitar/Tactile/12.jpg","","Guitar","https://tactileeval.s3.us-east-1.amazonaws.com/family_datasets/Tools_Instruments_and_Appliances/Guitar/Natural/13_guitar.jpg","https://tactileeval.s3.us-east-1.amazonaws.com/family_datasets/Tools_Instruments_and_Appliances/Guitar/Tactile/13.jpg","","Guitar","https://tactileeval.s3.us-east-1.amazonaws.com/family_datasets/Tools_Instruments_and_Appliances/Guitar/Natural/14_guitar.webp","https://tactileeval.s3.us-east-1.amazonaws.com/family_datasets/Tools_Instruments_and_Appliances/Guitar/Tactile/14.jpg","","Guitar","https://tactileeval.s3.us-east-1.amazonaws.com/family_datasets/Tools_Instruments_and_Appliances/Guitar/Natural/15_guitar.jpg","https://tactileeval.s3.us-east-1.amazonaws.com/family_datasets/Tools_Instruments_and_Appliances/Guitar/Tactile/15.jpg","","Guitar","https://tactileeval.s3.us-east-1.amazonaws.com/family_datasets/Tools_Instruments_and_Appliances/Guitar/Natural/16_guitar.jpg","https://tactileeval.s3.us-east-1.amazonaws.com/family_datasets/Tools_Instruments_and_Appliances/Guitar/Tactile/16.jpg","","Guitar","https://tactileeval.s3.us-east-1.amazonaws.com/family_datasets/Tools_Instruments_and_Appliances/Guitar/Natural/17_guitar.webp","https://tactileeval.s3.us-east-1.amazonaws.com/family_datasets/Tools_Instruments_and_Appliances/Guitar/Tactile/17.jpg","","Guitar","https://tactileeval.s3.us-east-1.amazonaws.com/family_datasets/Tools_Instruments_and_Appliances/Guitar/Natural/18_guitar.jpg","https://tactileeval.s3.us-east-1.amazonaws.com/family_datasets/Tools_Instruments_and_Appliances/Guitar/Tactile/18.jpg","","[{""question1"":{""orientation_match"":true,""view_frontal"":false,""view_perspective"":false,""view_side"":false,""view_top"":true},""question10"":{""orientation_match"":true,""view_frontal"":true,""view_perspective"":false,""view_side"":false,""view_top"":false},""question2"":{""orientation_match"":true,""view_frontal"":false,""view_perspective"":false,""view_side"":false,""view_top"":true},""question3"":{""orientation_match"":true,""view_frontal"":false,""view_perspective"":false,""view_side"":false,""view_top"":true},""question4"":{""orientation_match"":true,""view_frontal"":false,""view_perspective"":false,""view_side"":false,""view_top"":true},""question5"":{""orientation_match"":true,""view_frontal"":true,""view_perspective"":false,""view_side"":false,""view_top"":false},""question6"":{""orientation_match"":true,""view_frontal"":false,""view_perspective"":false,""view_side"":false,""view_top"":true},""question7"":{""orientation_match"":true,""view_frontal"":true,""view_perspective"":false,""view_side"":false,""view_top"":false},""question8"":{""orientation_match"":true,""view_frontal"":false,""view_perspective"":true,""view_side"":false,""view_top"":false},""question9"":{""orientation_match"":true,""view_frontal"":true,""view_perspective"":false,""view_side"":false,""view_top"":false}}]"
"3TC2K6WKA8GRCDJA3R105J8W6AP28B","3BHRGUFAI0A6J7Y48A1RI398KZKSCH","Categorize images based on view.","Review 10 line-arts and judge if it has same or different views. Identify view for each tactile. (10 pairs)","tactile, image review, accessibility, tools, instruments and appliances","$0.08","Sat Apr 18 18:48:15 PDT 2026","9","BatchId:5385948;OriginalHitTemplateId:928390873;","1800","1296000","Sat Apr 25 18:48:15 PDT 2026","","","35GMH2SV47VOE5GZTUQYSQ3EMMFEON","AANFSTZSFMWNW","Rejected","Sat Apr 18 19:13:00 PDT 2026","Sat Apr 18 19:13:39 PDT 2026","Sun May 03 19:13:39 PDT 2026","","Sun Apr 19 07:41:33 PDT 2026","Thank you for your time. Unfortunately this submission did not pass the embedded gold-standard checks; this task requires very careful attention to detail.","39","88% (146/165)","25% (3/12)","25% (3/12)","Guitar","https://tactileeval.s3.us-east-1.amazonaws.com/family_datasets/Tools_Instruments_and_Appliances/Guitar/Natural/9_guitar.jpg","https://tactileeval.s3.us-east-1.amazonaws.com/family_datasets/Tools_Instruments_and_Appliances/Guitar/Tactile/9.jpg","","Guitar","https://tactileeval.s3.us-east-1.amazonaws.com/family_datasets/Tools_Instruments_and_Appliances/Guitar/Natural/10_guitar.jpg","https://tactileeval.s3.us-east-1.amazonaws.com/family_datasets/Tools_Instruments_and_Appliances/Guitar/Tactile/10.jpg","","Guitar","https://tactileeval.s3.us-east-1.amazonaws.com/family_datasets/Tools_Instruments_and_Appliances/Guitar/Natural/11_guitar.jpg","https://tactileeval.s3.us-east-1.amazonaws.com/family_datasets/Tools_Instruments_and_Appliances/Guitar/Tactile/11.jpg","","Guitar","https://tactileeval.s3.us-east-1.amazonaws.com/family_datasets/Tools_Instruments_and_Appliances/Guitar/Natural/12_guitar.webp","https://tactileeval.s3.us-east-1.amazonaws.com/family_datasets/Tools_Instruments_and_Appliances/Guitar/Tactile/12.jpg","","Guitar","https://tactileeval.s3.us-east-1.amazonaws.com/family_datasets/Tools_Instruments_and_Appliances/Guitar/Natural/13_guitar.jpg","https://tactileeval.s3.us-east-1.amazonaws.com/family_datasets/Tools_Instruments_and_Appliances/Guitar/Tactile/13.jpg","","Guitar","https://tactileeval.s3.us-east-1.amazonaws.com/family_datasets/Tools_Instruments_and_Appliances/Guitar/Natural/14_guitar.webp","https://tactileeval.s3.us-east-1.amazonaws.com/family_datasets/Tools_Instruments_and_Appliances/Guitar/Tactile/14.jpg","","Guitar","https://tactileeval.s3.us-east-1.amazonaws.com/family_datasets/Tools_Instruments_and_Appliances/Guitar/Natural/15_guitar.jpg","https://tactileeval.s3.us-east-1.amazonaws.com/family_datasets/Tools_Instruments_and_Appliances/Guitar/Tactile/15.jpg","","Guitar","https://tactileeval.s3.us-east-1.amazonaws.com/family_datasets/Tools_Instruments_and_Appliances/Guitar/Natural/16_guitar.jpg","https://tactileeval.s3.us-east-1.amazonaws.com/family_datasets/Tools_Instruments_and_Appliances/Guitar/Tactile/16.jpg","","Guitar","https://tactileeval.s3.us-east-1.amazonaws.com/family_datasets/Tools_Instruments_and_Appliances/Guitar/Natural/17_guitar.webp","https://tactileeval.s3.us-east-1.amazonaws.com/family_datasets/Tools_Instruments_and_Appliances/Guitar/Tactile/17.jpg","","Guitar","https://tactileeval.s3.us-east-1.amazonaws.com/family_datasets/Tools_Instruments_and_Appliances/Guitar/Natural/18_guitar.jpg","https://tactileeval.s3.us-east-1.amazonaws.com/family_datasets/Tools_Instruments_and_Appliances/Guitar/Tactile/18.jpg","","[{""question1"":{""orientation_match"":true,""view_frontal"":false,""view_perspective"":false,""view_side"":true,""view_top"":false},""question10"":{""orientation_match"":true,""view_frontal"":true,""view_perspective"":false,""view_side"":false,""view_top"":false},""question2"":{""orientation_match"":true,""view_frontal"":true,""view_perspective"":false,""view_side"":false,""view_top"":false},""question3"":{""orientation_match"":false,""view_frontal"":true,""view_perspective"":false,""view_side"":false,""view_top"":false},""question4"":{""orientation_match"":false,""view_frontal"":false,""view_perspective"":false,""view_side"":true,""view_top"":false},""question5"":{""orientation_match"":true,""view_frontal"":false,""view_perspective"":false,""view_side"":false,""view_top"":true},""question6"":{""orientation_match"":true,""view_frontal"":true,""view_perspective"":false,""view_side"":false,""view_top"":false},""question7"":{""orientation_match"":false,""view_frontal"":true,""view_perspective"":false,""view_side"":false,""view_top"":false},""question8"":{""orientation_match"":true,""view_frontal"":true,""view_perspective"":false,""view_side"":false,""view_top"":false},""question9"":{""orientation_match"":true,""view_frontal"":false,""view_perspective"":true,""view_side"":false,""view_top"":false}}]"
"3TC2K6WKA8GRCDJA3R105J8W6AP28B","3BHRGUFAI0A6J7Y48A1RI398KZKSCH","Categorize images based on view.","Review 10 line-arts and judge if it has same or different views. Identify view for each tactile. (10 pairs)","tactile, image review, accessibility, tools, instruments and appliances","$0.08","Sat Apr 18 18:48:15 PDT 2026","9","BatchId:5385948;OriginalHitTemplateId:928390873;","1800","1296000","Sat Apr 25 18:48:15 PDT 2026","","","3KAKFY4PHNGB8LPZ6FWXP23VJOW3IW","A312G4F6TIKFFQ","Approved","Sat Apr 18 20:53:33 PDT 2026","Sat Apr 18 20:54:18 PDT 2026","Sun May 03 20:54:18 PDT 2026","Sun Apr 19 07:41:33 PDT 2026","","","45","70% (26/37)","35% (6/17)","35% (6/17)","Guitar","https://tactileeval.s3.us-east-1.amazonaws.com/family_datasets/Tools_Instruments_and_Appliances/Guitar/Natural/9_guitar.jpg","https://tactileeval.s3.us-east-1.amazonaws.com/family_datasets/Tools_Instruments_and_Appliances/Guitar/Tactile/9.jpg","","Guitar","https://tactileeval.s3.us-east-1.amazonaws.com/family_datasets/Tools_Instruments_and_Appliances/Guitar/Natural/10_guitar.jpg","https://tactileeval.s3.us-east-1.amazonaws.com/family_datasets/Tools_Instruments_and_Appliances/Guitar/Tactile/10.jpg","","Guitar","https://tactileeval.s3.us-east-1.amazonaws.com/family_datasets/Tools_Instruments_and_Appliances/Guitar/Natural/11_guitar.jpg","https://tactileeval.s3.us-east-1.amazonaws.com/family_datasets/Tools_Instruments_and_Appliances/Guitar/Tactile/11.jpg","","Guitar","https://tactileeval.s3.us-east-1.amazonaws.com/family_datasets/Tools_Instruments_and_Appliances/Guitar/Natural/12_guitar.webp","https://tactileeval.s3.us-east-1.amazonaws.com/family_datasets/Tools_Instruments_and_Appliances/Guitar/Tactile/12.jpg","","Guitar","https://tactileeval.s3.us-east-1.amazonaws.com/family_datasets/Tools_Instruments_and_Appliances/Guitar/Natural/13_guitar.jpg","https://tactileeval.s3.us-east-1.amazonaws.com/family_datasets/Tools_Instruments_and_Appliances/Guitar/Tactile/13.jpg","","Guitar","https://tactileeval.s3.us-east-1.amazonaws.com/family_datasets/Tools_Instruments_and_Appliances/Guitar/Natural/14_guitar.webp","https://tactileeval.s3.us-east-1.amazonaws.com/family_datasets/Tools_Instruments_and_Appliances/Guitar/Tactile/14.jpg","","Guitar","https://tactileeval.s3.us-east-1.amazonaws.com/family_datasets/Tools_Instruments_and_Appliances/Guitar/Natural/15_guitar.jpg","https://tactileeval.s3.us-east-1.amazonaws.com/family_datasets/Tools_Instruments_and_Appliances/Guitar/Tactile/15.jpg","","Guitar","https://tactileeval.s3.us-east-1.amazonaws.com/family_datasets/Tools_Instruments_and_Appliances/Guitar/Natural/16_guitar.jpg","https://tactileeval.s3.us-east-1.amazonaws.com/family_datasets/Tools_Instruments_and_Appliances/Guitar/Tactile/16.jpg","","Guitar","https://tactileeval.s3.us-east-1.amazonaws.com/family_datasets/Tools_Instruments_and_Appliances/Guitar/Natural/17_guitar.webp","https://tactileeval.s3.us-east-1.amazonaws.com/family_datasets/Tools_Instruments_and_Appliances/Guitar/Tactile/17.jpg","","Guitar","https://tactileeval.s3.us-east-1.amazonaws.com/family_datasets/Tools_Instruments_and_Appliances/Guitar/Natural/18_guitar.jpg","https://tactileeval.s3.us-east-1.amazonaws.com/family_datasets/Tools_Instruments_and_Appliances/Guitar/Tactile/18.jpg","","[{""question1"":{""orientation_match"":true,""view_frontal"":false,""view_perspective"":true,""view_side"":false,""view_top"":false},""question10"":{""orientation_match"":false,""view_frontal"":true,""view_perspective"":false,""view_side"":false,""view_top"":false},""question2"":{""orientation_match"":true,""view_frontal"":true,""view_perspective"":false,""view_side"":false,""view_top"":false},""question3"":{""orientation_match"":true,""view_frontal"":true,""view_perspective"":false,""view_side"":false,""view_top"":false},""question4"":{""orientation_match"":true,""view_frontal"":true,""view_perspective"":false,""view_side"":false,""view_top"":false},""question5"":{""orientation_match"":true,""view_frontal"":true,""view_perspective"":false,""view_side"":false,""view_top"":false},""question6"":{""orientation_match"":true,""view_frontal"":true,""view_perspective"":false,""view_side"":false,""view_top"":false},""question7"":{""orientation_match"":true,""view_frontal"":false,""view_perspective"":false,""view_side"":true,""view_top"":false},""question8"":{""orientation_match"":true,""view_frontal"":false,""view_perspective"":true,""view_side"":false,""view_top"":false},""question9"":{""orientation_match"":true,""view_frontal"":true,""view_perspective"":false,""view_side"":false,""view_top"":false}}]"
"3TC2K6WKA8GRCDJA3R105J8W6AP28B","3BHRGUFAI0A6J7Y48A1RI398KZKSCH","Categorize images based on view.","Review 10 line-arts and judge if it has same or different views. Identify view for each tactile. (10 pairs)","tactile, image review, accessibility, tools, instruments and appliances","$0.08","Sat Apr 18 18:48:15 PDT 2026","9","BatchId:5385948;OriginalHitTemplateId:928390873;","1800","1296000","Sat Apr 25 18:48:15 PDT 2026","","","3F1567XTOPJA4L2Y0W2GPHX3AQR9QQ","AJZHPDCKUVRM8","Rejected","Sat Apr 18 22:06:53 PDT 2026","Sat Apr 18 22:09:01 PDT 2026","Sun May 03 22:09:01 PDT 2026","","Sun Apr 19 07:41:33 PDT 2026","Thank you for your time. Unfortunately this submission did not pass the embedded gold-standard checks; this task requires very careful attention to detail.","128","86% (68/79)","86% (68/79)","86% (68/79)","Guitar","https://tactileeval.s3.us-east-1.amazonaws.com/family_datasets/Tools_Instruments_and_Appliances/Guitar/Natural/9_guitar.jpg","https://tactileeval.s3.us-east-1.amazonaws.com/family_datasets/Tools_Instruments_and_Appliances/Guitar/Tactile/9.jpg","","Guitar","https://tactileeval.s3.us-east-1.amazonaws.com/family_datasets/Tools_Instruments_and_Appliances/Guitar/Natural/10_guitar.jpg","https://tactileeval.s3.us-east-1.amazonaws.com/family_datasets/Tools_Instruments_and_Appliances/Guitar/Tactile/10.jpg","","Guitar","https://tactileeval.s3.us-east-1.amazonaws.com/family_datasets/Tools_Instruments_and_Appliances/Guitar/Natural/11_guitar.jpg","https://tactileeval.s3.us-east-1.amazonaws.com/family_datasets/Tools_Instruments_and_Appliances/Guitar/Tactile/11.jpg","","Guitar","https://tactileeval.s3.us-east-1.amazonaws.com/family_datasets/Tools_Instruments_and_Appliances/Guitar/Natural/12_guitar.webp","https://tactileeval.s3.us-east-1.amazonaws.com/family_datasets/Tools_Instruments_and_Appliances/Guitar/Tactile/12.jpg","","Guitar","https://tactileeval.s3.us-east-1.amazonaws.com/family_datasets/Tools_Instruments_and_Appliances/Guitar/Natural/13_guitar.jpg","https://tactileeval.s3.us-east-1.amazonaws.com/family_datasets/Tools_Instruments_and_Appliances/Guitar/Tactile/13.jpg","","Guitar","https://tactileeval.s3.us-east-1.amazonaws.com/family_datasets/Tools_Instruments_and_Appliances/Guitar/Natural/14_guitar.webp","https://tactileeval.s3.us-east-1.amazonaws.com/family_datasets/Tools_Instruments_and_Appliances/Guitar/Tactile/14.jpg","","Guitar","https://tactileeval.s3.us-east-1.amazonaws.com/family_datasets/Tools_Instruments_and_Appliances/Guitar/Natural/15_guitar.jpg","https://tactileeval.s3.us-east-1.amazonaws.com/family_datasets/Tools_Instruments_and_Appliances/Guitar/Tactile/15.jpg","","Guitar","https://tactileeval.s3.us-east-1.amazonaws.com/family_datasets/Tools_Instruments_and_Appliances/Guitar/Natural/16_guitar.jpg","https://tactileeval.s3.us-east-1.amazonaws.com/family_datasets/Tools_Instruments_and_Appliances/Guitar/Tactile/16.jpg","","Guitar","https://tactileeval.s3.us-east-1.amazonaws.com/family_datasets/Tools_Instruments_and_Appliances/Guitar/Natural/17_guitar.webp","https://tactileeval.s3.us-east-1.amazonaws.com/family_datasets/Tools_Instruments_and_Appliances/Guitar/Tactile/17.jpg","","Guitar","https://tactileeval.s3.us-east-1.amazonaws.com/family_datasets/Tools_Instruments_and_Appliances/Guitar/Natural/18_guitar.jpg","https://tactileeval.s3.us-east-1.amazonaws.com/family_datasets/Tools_Instruments_and_Appliances/Guitar/Tactile/18.jpg","","[{""question1"":{""orientation_match"":false,""view_frontal"":false,""view_perspective"":true,""view_side"":false,""view_top"":false},""question10"":{""orientation_match"":true,""view_frontal"":false,""view_perspective"":false,""view_side"":false,""view_top"":true},""question2"":{""orientation_match"":false,""view_frontal"":false,""view_perspective"":false,""view_side"":false,""view_top"":true},""question3"":{""orientation_match"":true,""view_frontal"":false,""view_perspective"":false,""view_side"":false,""view_top"":false},""question4"":{""orientation_match"":true,""view_frontal"":false,""view_perspective"":true,""view_side"":false,""view_top"":false},""question5"":{""orientation_match"":true,""view_frontal"":true,""view_perspective"":false,""view_side"":false,""view_top"":false},""question6"":{""orientation_match"":true,""view_frontal"":false,""view_perspective"":true,""view_side"":false,""view_top"":false},""question7"":{""orientation_match"":true,""view_frontal"":true,""view_perspective"":false,""view_side"":false,""view_top"":false},""question8"":{""orientation_match"":true,""view_frontal"":false,""view_perspective"":true,""view_side"":false,""view_top"":false},""question9"":{""orientation_match"":true,""view_frontal"":true,""view_perspective"":false,""view_side"":false,""view_top"":false}}]"
"3TC2K6WKA8GRCDJA3R105J8W6AP28B","3BHRGUFAI0A6J7Y48A1RI398KZKSCH","Categorize images based on view.","Review 10 line-arts and judge if it has same or different views. Identify view for each tactile. (10 pairs)","tactile, image review, accessibility, tools, instruments and appliances","$0.08","Sat Apr 18 18:48:15 PDT 2026","9","BatchId:5385948;OriginalHitTemplateId:928390873;","1800","1296000","Sat Apr 25 18:48:15 PDT 2026","","","36ZN444YUKC0UAILPDGPD516EFWIOA","A2S834OHCORO1W","Rejected","Sat Apr 18 22:11:18 PDT 2026","Sat Apr 18 22:22:28 PDT 2026","Sun May 03 22:22:28 PDT 2026","","Sun Apr 19 07:41:33 PDT 2026","Thank you for your time. Unfortunately this submission did not pass the embedded gold-standard checks; this task requires very careful attention to detail.","670","44% (4/9)","17% (1/6)","17% (1/6)","Guitar","https://tactileeval.s3.us-east-1.amazonaws.com/family_datasets/Tools_Instruments_and_Appliances/Guitar/Natural/9_guitar.jpg","https://tactileeval.s3.us-east-1.amazonaws.com/family_datasets/Tools_Instruments_and_Appliances/Guitar/Tactile/9.jpg","","Guitar","https://tactileeval.s3.us-east-1.amazonaws.com/family_datasets/Tools_Instruments_and_Appliances/Guitar/Natural/10_guitar.jpg","https://tactileeval.s3.us-east-1.amazonaws.com/family_datasets/Tools_Instruments_and_Appliances/Guitar/Tactile/10.jpg","","Guitar","https://tactileeval.s3.us-east-1.amazonaws.com/family_datasets/Tools_Instruments_and_Appliances/Guitar/Natural/11_guitar.jpg","https://tactileeval.s3.us-east-1.amazonaws.com/family_datasets/Tools_Instruments_and_Appliances/Guitar/Tactile/11.jpg","","Guitar","https://tactileeval.s3.us-east-1.amazonaws.com/family_datasets/Tools_Instruments_and_Appliances/Guitar/Natural/12_guitar.webp","https://tactileeval.s3.us-east-1.amazonaws.com/family_datasets/Tools_Instruments_and_Appliances/Guitar/Tactile/12.jpg","","Guitar","https://tactileeval.s3.us-east-1.amazonaws.com/family_datasets/Tools_Instruments_and_Appliances/Guitar/Natural/13_guitar.jpg","https://tactileeval.s3.us-east-1.amazonaws.com/family_datasets/Tools_Instruments_and_Appliances/Guitar/Tactile/13.jpg","","Guitar","https://tactileeval.s3.us-east-1.amazonaws.com/family_datasets/Tools_Instruments_and_Appliances/Guitar/Natural/14_guitar.webp","https://tactileeval.s3.us-east-1.amazonaws.com/family_datasets/Tools_Instruments_and_Appliances/Guitar/Tactile/14.jpg","","Guitar","https://tactileeval.s3.us-east-1.amazonaws.com/family_datasets/Tools_Instruments_and_Appliances/Guitar/Natural/15_guitar.jpg","https://tactileeval.s3.us-east-1.amazonaws.com/family_datasets/Tools_Instruments_and_Appliances/Guitar/Tactile/15.jpg","","Guitar","https://tactileeval.s3.us-east-1.amazonaws.com/family_datasets/Tools_Instruments_and_Appliances/Guitar/Natural/16_guitar.jpg","https://tactileeval.s3.us-east-1.amazonaws.com/family_datasets/Tools_Instruments_and_Appliances/Guitar/Tactile/16.jpg","","Guitar","https://tactileeval.s3.us-east-1.amazonaws.com/family_datasets/Tools_Instruments_and_Appliances/Guitar/Natural/17_guitar.webp","https://tactileeval.s3.us-east-1.amazonaws.com/family_datasets/Tools_Instruments_and_Appliances/Guitar/Tactile/17.jpg","","Guitar","https://tactileeval.s3.us-east-1.amazonaws.com/family_datasets/Tools_Instruments_and_Appliances/Guitar/Natural/18_guitar.jpg","https://tactileeval.s3.us-east-1.amazonaws.com/family_datasets/Tools_Instruments_and_Appliances/Guitar/Tactile/18.jpg","","[{""question1"":{""orientation_match"":true,""view_frontal"":true,""view_perspective"":false,""view_side"":false,""view_top"":false},""question10"":{""orientation_match"":true,""view_frontal"":true,""view_perspective"":false,""view_side"":false,""view_top"":false},""question2"":{""orientation_match"":false,""view_frontal"":true,""view_perspective"":false,""view_side"":false,""view_top"":false},""question3"":{""orientation_match"":false,""view_frontal"":false,""view_perspective"":true,""view_side"":false,""view_top"":false},""question4"":{""orientation_match"":true,""view_frontal"":true,""view_perspective"":false,""view_side"":false,""view_top"":false},""question5"":{""orientation_match"":true,""view_frontal"":true,""view_perspective"":false,""view_side"":false,""view_top"":false},""question6"":{""orientation_match"":true,""view_frontal"":true,""view_perspective"":false,""view_side"":false,""view_top"":false},""question7"":{""orientation_match"":false,""view_frontal"":true,""view_perspective"":false,""view_side"":false,""view_top"":false},""question8"":{""orientation_match"":true,""view_frontal"":false,""view_perspective"":true,""view_side"":false,""view_top"":false},""question9"":{""orientation_match"":true,""view_frontal"":true,""view_perspective"":false,""view_side"":false,""view_top"":false}}]"
"3TC2K6WKA8GRCDJA3R105J8W6AP28B","3BHRGUFAI0A6J7Y48A1RI398KZKSCH","Categorize images based on view.","Review 10 line-arts and judge if it has same or different views. Identify view for each tactile. (10 pairs)","tactile, image review, accessibility, tools, instruments and appliances","$0.08","Sat Apr 18 18:48:15 PDT 2026","9","BatchId:5385948;OriginalHitTemplateId:928390873;","1800","1296000","Sat Apr 25 18:48:15 PDT 2026","","","3C44YUNSJU317ZE0CZSTB8QJWFKDPK","A2YDVX56BVBEP8","Rejected","Sat Apr 18 22:12:40 PDT 2026","Sat Apr 18 22:23:04 PDT 2026","Sun May 03 22:23:04 PDT 2026","","Sun Apr 19 07:41:34 PDT 2026","Thank you for your time. Unfortunately this submission did not pass the embedded gold-standard checks; this task requires very careful attention to detail.","624","25% (1/4)","25% (1/4)","25% (1/4)","Guitar","https://tactileeval.s3.us-east-1.amazonaws.com/family_datasets/Tools_Instruments_and_Appliances/Guitar/Natural/9_guitar.jpg","https://tactileeval.s3.us-east-1.amazonaws.com/family_datasets/Tools_Instruments_and_Appliances/Guitar/Tactile/9.jpg","","Guitar","https://tactileeval.s3.us-east-1.amazonaws.com/family_datasets/Tools_Instruments_and_Appliances/Guitar/Natural/10_guitar.jpg","https://tactileeval.s3.us-east-1.amazonaws.com/family_datasets/Tools_Instruments_and_Appliances/Guitar/Tactile/10.jpg","","Guitar","https://tactileeval.s3.us-east-1.amazonaws.com/family_datasets/Tools_Instruments_and_Appliances/Guitar/Natural/11_guitar.jpg","https://tactileeval.s3.us-east-1.amazonaws.com/family_datasets/Tools_Instruments_and_Appliances/Guitar/Tactile/11.jpg","","Guitar","https://tactileeval.s3.us-east-1.amazonaws.com/family_datasets/Tools_Instruments_and_Appliances/Guitar/Natural/12_guitar.webp","https://tactileeval.s3.us-east-1.amazonaws.com/family_datasets/Tools_Instruments_and_Appliances/Guitar/Tactile/12.jpg","","Guitar","https://tactileeval.s3.us-east-1.amazonaws.com/family_datasets/Tools_Instruments_and_Appliances/Guitar/Natural/13_guitar.jpg","https://tactileeval.s3.us-east-1.amazonaws.com/family_datasets/Tools_Instruments_and_Appliances/Guitar/Tactile/13.jpg","","Guitar","https://tactileeval.s3.us-east-1.amazonaws.com/family_datasets/Tools_Instruments_and_Appliances/Guitar/Natural/14_guitar.webp","https://tactileeval.s3.us-east-1.amazonaws.com/family_datasets/Tools_Instruments_and_Appliances/Guitar/Tactile/14.jpg","","Guitar","https://tactileeval.s3.us-east-1.amazonaws.com/family_datasets/Tools_Instruments_and_Appliances/Guitar/Natural/15_guitar.jpg","https://tactileeval.s3.us-east-1.amazonaws.com/family_datasets/Tools_Instruments_and_Appliances/Guitar/Tactile/15.jpg","","Guitar","https://tactileeval.s3.us-east-1.amazonaws.com/family_datasets/Tools_Instruments_and_Appliances/Guitar/Natural/16_guitar.jpg","https://tactileeval.s3.us-east-1.amazonaws.com/family_datasets/Tools_Instruments_and_Appliances/Guitar/Tactile/16.jpg","","Guitar","https://tactileeval.s3.us-east-1.amazonaws.com/family_datasets/Tools_Instruments_and_Appliances/Guitar/Natural/17_guitar.webp","https://tactileeval.s3.us-east-1.amazonaws.com/family_datasets/Tools_Instruments_and_Appliances/Guitar/Tactile/17.jpg","","Guitar","https://tactileeval.s3.us-east-1.amazonaws.com/family_datasets/Tools_Instruments_and_Appliances/Guitar/Natural/18_guitar.jpg","https://tactileeval.s3.us-east-1.amazonaws.com/family_datasets/Tools_Instruments_and_Appliances/Guitar/Tactile/18.jpg","","[{""question1"":{""orientation_match"":false,""view_frontal"":false,""view_perspective"":false,""view_side"":true,""view_top"":false},""question10"":{""orientation_match"":true,""view_frontal"":false,""view_perspective"":false,""view_side"":false,""view_top"":false},""question2"":{""orientation_match"":false,""view_frontal"":true,""view_perspective"":false,""view_side"":false,""view_top"":false},""question3"":{""orientation_match"":true,""view_frontal"":false,""view_perspective"":false,""view_side"":false,""view_top"":false},""question4"":{""orientation_match"":false,""view_frontal"":true,""view_perspective"":false,""view_side"":false,""view_top"":false},""question5"":{""orientation_match"":true,""view_frontal"":false,""view_perspective"":false,""view_side"":false,""view_top"":false},""question6"":{""orientation_match"":false,""view_frontal"":true,""view_perspective"":false,""view_side"":false,""view_top"":false},""question7"":{""orientation_match"":true,""view_frontal"":false,""view_perspective"":false,""view_side"":false,""view_top"":false},""question8"":{""orientation_match"":true,""view_frontal"":false,""view_perspective"":false,""view_side"":false,""view_top"":false},""question9"":{""orientation_match"":false,""view_frontal"":true,""view_perspective"":false,""view_side"":false,""view_top"":false}}]"
"3TC2K6WKA8GRCDJA3R105J8W6AP28B","3BHRGUFAI0A6J7Y48A1RI398KZKSCH","Categorize images based on view.","Review 10 line-arts and judge if it has same or different views. Identify view for each tactile. (10 pairs)","tactile, image review, accessibility, tools, instruments and appliances","$0.08","Sat Apr 18 18:48:15 PDT 2026","9","BatchId:5385948;OriginalHitTemplateId:928390873;","1800","1296000","Sat Apr 25 18:48:15 PDT 2026","","","3TR2532VJI860FWN7ZFV86UF6UR6JL","A2UZP2FRACKPK1","Rejected","Sat Apr 18 22:12:08 PDT 2026","Sat Apr 18 22:26:17 PDT 2026","Sun May 03 22:26:17 PDT 2026","","Sun Apr 19 07:41:34 PDT 2026","Thank you for your time. Unfortunately this submission did not pass the embedded gold-standard checks; this task requires very careful attention to detail.","849","56% (5/9)","56% (5/9)","56% (5/9)","Guitar","https://tactileeval.s3.us-east-1.amazonaws.com/family_datasets/Tools_Instruments_and_Appliances/Guitar/Natural/9_guitar.jpg","https://tactileeval.s3.us-east-1.amazonaws.com/family_datasets/Tools_Instruments_and_Appliances/Guitar/Tactile/9.jpg","","Guitar","https://tactileeval.s3.us-east-1.amazonaws.com/family_datasets/Tools_Instruments_and_Appliances/Guitar/Natural/10_guitar.jpg","https://tactileeval.s3.us-east-1.amazonaws.com/family_datasets/Tools_Instruments_and_Appliances/Guitar/Tactile/10.jpg","","Guitar","https://tactileeval.s3.us-east-1.amazonaws.com/family_datasets/Tools_Instruments_and_Appliances/Guitar/Natural/11_guitar.jpg","https://tactileeval.s3.us-east-1.amazonaws.com/family_datasets/Tools_Instruments_and_Appliances/Guitar/Tactile/11.jpg","","Guitar","https://tactileeval.s3.us-east-1.amazonaws.com/family_datasets/Tools_Instruments_and_Appliances/Guitar/Natural/12_guitar.webp","https://tactileeval.s3.us-east-1.amazonaws.com/family_datasets/Tools_Instruments_and_Appliances/Guitar/Tactile/12.jpg","","Guitar","https://tactileeval.s3.us-east-1.amazonaws.com/family_datasets/Tools_Instruments_and_Appliances/Guitar/Natural/13_guitar.jpg","https://tactileeval.s3.us-east-1.amazonaws.com/family_datasets/Tools_Instruments_and_Appliances/Guitar/Tactile/13.jpg","","Guitar","https://tactileeval.s3.us-east-1.amazonaws.com/family_datasets/Tools_Instruments_and_Appliances/Guitar/Natural/14_guitar.webp","https://tactileeval.s3.us-east-1.amazonaws.com/family_datasets/Tools_Instruments_and_Appliances/Guitar/Tactile/14.jpg","","Guitar","https://tactileeval.s3.us-east-1.amazonaws.com/family_datasets/Tools_Instruments_and_Appliances/Guitar/Natural/15_guitar.jpg","https://tactileeval.s3.us-east-1.amazonaws.com/family_datasets/Tools_Instruments_and_Appliances/Guitar/Tactile/15.jpg","","Guitar","https://tactileeval.s3.us-east-1.amazonaws.com/family_datasets/Tools_Instruments_and_Appliances/Guitar/Natural/16_guitar.jpg","https://tactileeval.s3.us-east-1.amazonaws.com/family_datasets/Tools_Instruments_and_Appliances/Guitar/Tactile/16.jpg","","Guitar","https://tactileeval.s3.us-east-1.amazonaws.com/family_datasets/Tools_Instruments_and_Appliances/Guitar/Natural/17_guitar.webp","https://tactileeval.s3.us-east-1.amazonaws.com/family_datasets/Tools_Instruments_and_Appliances/Guitar/Tactile/17.jpg","","Guitar","https://tactileeval.s3.us-east-1.amazonaws.com/family_datasets/Tools_Instruments_and_Appliances/Guitar/Natural/18_guitar.jpg","https://tactileeval.s3.us-east-1.amazonaws.com/family_datasets/Tools_Instruments_and_Appliances/Guitar/Tactile/18.jpg","","[{""question1"":{""orientation_match"":true,""view_frontal"":true,""view_perspective"":false,""view_side"":false,""view_top"":false},""question10"":{""orientation_match"":true,""view_frontal"":true,""view_perspective"":false,""view_side"":false,""view_top"":false},""question2"":{""orientation_match"":false,""view_frontal"":true,""view_perspective"":false,""view_side"":false,""view_top"":false},""question3"":{""orientation_match"":false,""view_frontal"":false,""view_perspective"":true,""view_side"":false,""view_top"":false},""question4"":{""orientation_match"":true,""view_frontal"":true,""view_perspective"":false,""view_side"":false,""view_top"":false},""question5"":{""orientation_match"":true,""view_frontal"":true,""view_perspective"":false,""view_side"":false,""view_top"":false},""question6"":{""orientation_match"":true,""view_frontal"":true,""view_perspective"":false,""view_side"":false,""view_top"":false},""question7"":{""orientation_match"":false,""view_frontal"":true,""view_perspective"":false,""view_side"":false,""view_top"":false},""question8"":{""orientation_match"":true,""view_frontal"":false,""view_perspective"":true,""view_side"":false,""view_top"":false},""question9"":{""orientation_match"":true,""view_frontal"":true,""view_perspective"":false,""view_side"":false,""view_top"":false}}]"
"3TC2K6WKA8GRCDJA3R105J8W6AP28B","3BHRGUFAI0A6J7Y48A1RI398KZKSCH","Categorize images based on view.","Review 10 line-arts and judge if it has same or different views. Identify view for each tactile. (10 pairs)","tactile, image review, accessibility, tools, instruments and appliances","$0.08","Sat Apr 18 18:48:15 PDT 2026","9","BatchId:5385948;OriginalHitTemplateId:928390873;","1800","1296000","Sat Apr 25 18:48:15 PDT 2026","","","3KRVW3HT0GZ1OL05H9VQP3IOSE2SMI","A1YI3I2KCAXRHQ","Rejected","Sun Apr 19 07:55:09 PDT 2026","Sun Apr 19 08:03:32 PDT 2026","Mon May 04 08:03:32 PDT 2026","","Sun Apr 19 09:04:02 PDT 2026","Thank you for your time. Unfortunately this submission did not pass the embedded gold-standard checks; this task requires very careful attention to detail.","503","20% (1/5)","20% (1/5)","20% (1/5)","Guitar","https://tactileeval.s3.us-east-1.amazonaws.com/family_datasets/Tools_Instruments_and_Appliances/Guitar/Natural/9_guitar.jpg","https://tactileeval.s3.us-east-1.amazonaws.com/family_datasets/Tools_Instruments_and_Appliances/Guitar/Tactile/9.jpg","","Guitar","https://tactileeval.s3.us-east-1.amazonaws.com/family_datasets/Tools_Instruments_and_Appliances/Guitar/Natural/10_guitar.jpg","https://tactileeval.s3.us-east-1.amazonaws.com/family_datasets/Tools_Instruments_and_Appliances/Guitar/Tactile/10.jpg","","Guitar","https://tactileeval.s3.us-east-1.amazonaws.com/family_datasets/Tools_Instruments_and_Appliances/Guitar/Natural/11_guitar.jpg","https://tactileeval.s3.us-east-1.amazonaws.com/family_datasets/Tools_Instruments_and_Appliances/Guitar/Tactile/11.jpg","","Guitar","https://tactileeval.s3.us-east-1.amazonaws.com/family_datasets/Tools_Instruments_and_Appliances/Guitar/Natural/12_guitar.webp","https://tactileeval.s3.us-east-1.amazonaws.com/family_datasets/Tools_Instruments_and_Appliances/Guitar/Tactile/12.jpg","","Guitar","https://tactileeval.s3.us-east-1.amazonaws.com/family_datasets/Tools_Instruments_and_Appliances/Guitar/Natural/13_guitar.jpg","https://tactileeval.s3.us-east-1.amazonaws.com/family_datasets/Tools_Instruments_and_Appliances/Guitar/Tactile/13.jpg","","Guitar","https://tactileeval.s3.us-east-1.amazonaws.com/family_datasets/Tools_Instruments_and_Appliances/Guitar/Natural/14_guitar.webp","https://tactileeval.s3.us-east-1.amazonaws.com/family_datasets/Tools_Instruments_and_Appliances/Guitar/Tactile/14.jpg","","Guitar","https://tactileeval.s3.us-east-1.amazonaws.com/family_datasets/Tools_Instruments_and_Appliances/Guitar/Natural/15_guitar.jpg","https://tactileeval.s3.us-east-1.amazonaws.com/family_datasets/Tools_Instruments_and_Appliances/Guitar/Tactile/15.jpg","","Guitar","https://tactileeval.s3.us-east-1.amazonaws.com/family_datasets/Tools_Instruments_and_Appliances/Guitar/Natural/16_guitar.jpg","https://tactileeval.s3.us-east-1.amazonaws.com/family_datasets/Tools_Instruments_and_Appliances/Guitar/Tactile/16.jpg","","Guitar","https://tactileeval.s3.us-east-1.amazonaws.com/family_datasets/Tools_Instruments_and_Appliances/Guitar/Natural/17_guitar.webp","https://tactileeval.s3.us-east-1.amazonaws.com/family_datasets/Tools_Instruments_and_Appliances/Guitar/Tactile/17.jpg","","Guitar","https://tactileeval.s3.us-east-1.amazonaws.com/family_datasets/Tools_Instruments_and_Appliances/Guitar/Natural/18_guitar.jpg","https://tactileeval.s3.us-east-1.amazonaws.com/family_datasets/Tools_Instruments_and_Appliances/Guitar/Tactile/18.jpg","","[{""question1"":{""orientation_match"":false,""view_frontal"":true,""view_perspective"":false,""view_side"":false,""view_top"":false},""question10"":{""orientation_match"":true,""view_frontal"":true,""view_perspective"":false,""view_side"":false,""view_top"":false},""question2"":{""orientation_match"":false,""view_frontal"":true,""view_perspective"":false,""view_side"":false,""view_top"":false},""question3"":{""orientation_match"":true,""view_frontal"":false,""view_perspective"":false,""view_side"":false,""view_top"":false},""question4"":{""orientation_match"":false,""view_frontal"":true,""view_perspective"":false,""view_side"":false,""view_top"":false},""question5"":{""orientation_match"":true,""view_frontal"":false,""view_perspective"":false,""view_side"":false,""view_top"":false},""question6"":{""orientation_match"":true,""view_frontal"":true,""view_perspective"":false,""view_side"":false,""view_top"":false},""question7"":{""orientation_match"":true,""view_frontal"":true,""view_perspective"":false,""view_side"":false,""view_top"":false},""question8"":{""orientation_match"":true,""view_frontal"":false,""view_perspective"":false,""view_side"":true,""view_top"":false},""question9"":{""orientation_match"":true,""view_frontal"":true,""view_perspective"":false,""view_side"":false,""view_top"":false}}]"
"3TC2K6WKA8GRCDJA3R105J8W6AP28B","3BHRGUFAI0A6J7Y48A1RI398KZKSCH","Categorize images based on view.","Review 10 line-arts and judge if it has same or different views. Identify view for each tactile. (10 pairs)","tactile, image review, accessibility, tools, instruments and appliances","$0.08","Sat Apr 18 18:48:15 PDT 2026","9","BatchId:5385948;OriginalHitTemplateId:928390873;","1800","1296000","Sat Apr 25 18:48:15 PDT 2026","","","3VAR3R6G2IF75468GR4Y0G7SBKA8OD","AZTAPCOD2Y512","Rejected","Sun Apr 19 07:55:07 PDT 2026","Sun Apr 19 08:09:26 PDT 2026","Mon May 04 08:09:26 PDT 2026","","Sun Apr 19 09:04:02 PDT 2026","Thank you for your time. Unfortunately this submission did not pass the embedded gold-standard checks; this task requires very careful attention to detail.","859","0% (0/4)","0% (0/4)","0% (0/4)","Guitar","https://tactileeval.s3.us-east-1.amazonaws.com/family_datasets/Tools_Instruments_and_Appliances/Guitar/Natural/9_guitar.jpg","https://tactileeval.s3.us-east-1.amazonaws.com/family_datasets/Tools_Instruments_and_Appliances/Guitar/Tactile/9.jpg","","Guitar","https://tactileeval.s3.us-east-1.amazonaws.com/family_datasets/Tools_Instruments_and_Appliances/Guitar/Natural/10_guitar.jpg","https://tactileeval.s3.us-east-1.amazonaws.com/family_datasets/Tools_Instruments_and_Appliances/Guitar/Tactile/10.jpg","","Guitar","https://tactileeval.s3.us-east-1.amazonaws.com/family_datasets/Tools_Instruments_and_Appliances/Guitar/Natural/11_guitar.jpg","https://tactileeval.s3.us-east-1.amazonaws.com/family_datasets/Tools_Instruments_and_Appliances/Guitar/Tactile/11.jpg","","Guitar","https://tactileeval.s3.us-east-1.amazonaws.com/family_datasets/Tools_Instruments_and_Appliances/Guitar/Natural/12_guitar.webp","https://tactileeval.s3.us-east-1.amazonaws.com/family_datasets/Tools_Instruments_and_Appliances/Guitar/Tactile/12.jpg","","Guitar","https://tactileeval.s3.us-east-1.amazonaws.com/family_datasets/Tools_Instruments_and_Appliances/Guitar/Natural/13_guitar.jpg","https://tactileeval.s3.us-east-1.amazonaws.com/family_datasets/Tools_Instruments_and_Appliances/Guitar/Tactile/13.jpg","","Guitar","https://tactileeval.s3.us-east-1.amazonaws.com/family_datasets/Tools_Instruments_and_Appliances/Guitar/Natural/14_guitar.webp","https://tactileeval.s3.us-east-1.amazonaws.com/family_datasets/Tools_Instruments_and_Appliances/Guitar/Tactile/14.jpg","","Guitar","https://tactileeval.s3.us-east-1.amazonaws.com/family_datasets/Tools_Instruments_and_Appliances/Guitar/Natural/15_guitar.jpg","https://tactileeval.s3.us-east-1.amazonaws.com/family_datasets/Tools_Instruments_and_Appliances/Guitar/Tactile/15.jpg","","Guitar","https://tactileeval.s3.us-east-1.amazonaws.com/family_datasets/Tools_Instruments_and_Appliances/Guitar/Natural/16_guitar.jpg","https://tactileeval.s3.us-east-1.amazonaws.com/family_datasets/Tools_Instruments_and_Appliances/Guitar/Tactile/16.jpg","","Guitar","https://tactileeval.s3.us-east-1.amazonaws.com/family_datasets/Tools_Instruments_and_Appliances/Guitar/Natural/17_guitar.webp","https://tactileeval.s3.us-east-1.amazonaws.com/family_datasets/Tools_Instruments_and_Appliances/Guitar/Tactile/17.jpg","","Guitar","https://tactileeval.s3.us-east-1.amazonaws.com/family_datasets/Tools_Instruments_and_Appliances/Guitar/Natural/18_guitar.jpg","https://tactileeval.s3.us-east-1.amazonaws.com/family_datasets/Tools_Instruments_and_Appliances/Guitar/Tactile/18.jpg","","[{""question1"":{""orientation_match"":true,""view_frontal"":true,""view_perspective"":false,""view_side"":false,""view_top"":false},""question10"":{""orientation_match"":true,""view_frontal"":false,""view_perspective"":false,""view_side"":true,""view_top"":false},""question2"":{""orientation_match"":true,""view_frontal"":true,""view_perspective"":false,""view_side"":false,""view_top"":false},""question3"":{""orientation_match"":true,""view_frontal"":false,""view_perspective"":false,""view_side"":true,""view_top"":false},""question4"":{""orientation_match"":true,""view_frontal"":true,""view_perspective"":false,""view_side"":false,""view_top"":false},""question5"":{""orientation_match"":true,""view_frontal"":true,""view_perspective"":false,""view_side"":false,""view_top"":false},""question6"":{""orientation_match"":true,""view_frontal"":false,""view_perspective"":false,""view_side"":true,""view_top"":false},""question7"":{""orientation_match"":true,""view_frontal"":true,""view_perspective"":false,""view_side"":false,""view_top"":false},""question8"":{""orientation_match"":true,""view_frontal"":true,""view_perspective"":false,""view_side"":false,""view_top"":false},""question9"":{""orientation_match"":true,""view_frontal"":true,""view_perspective"":false,""view_side"":false,""view_top"":false}}]"
"3FJ2RVH26RKRQI2K8J7E5F37QG7290","3BHRGUFAI0A6J7Y48A1RI398KZKSCH","Categorize images based on view.","Review 10 line-arts and judge if it has same or different views. Identify view for each tactile. (10 pairs)","tactile, image review, accessibility, tools, instruments and appliances","$0.08","Sat Apr 18 18:48:15 PDT 2026","9","BatchId:5385948;OriginalHitTemplateId:928390873;","1800","1296000","Sat Apr 25 18:48:15 PDT 2026","","","3S0TNUHWLMWG17FJQIQIPMVT75YD8E","A33I0A28TLIR6J","Rejected","Sat Apr 18 18:55:58 PDT 2026","Sat Apr 18 19:04:52 PDT 2026","Sun May 03 19:04:52 PDT 2026","","Sun Apr 19 07:41:33 PDT 2026","Thank you for your time. Unfortunately this submission did not pass the embedded gold-standard checks; this task requires very careful attention to detail.","534","75% (21/28)","30% (3/10)","30% (3/10)","Hammer","https://tactileeval.s3.us-east-1.amazonaws.com/family_datasets/Tools_Instruments_and_Appliances/Hammer/Natural/hammer_1.jpg","https://tactileeval.s3.us-east-1.amazonaws.com/family_datasets/Tools_Instruments_and_Appliances/Hammer/Tactile/1.jpg","","Hammer","https://tactileeval.s3.us-east-1.amazonaws.com/family_datasets/Tools_Instruments_and_Appliances/Hammer/Natural/hammer_2.png","https://tactileeval.s3.us-east-1.amazonaws.com/family_datasets/Tools_Instruments_and_Appliances/Hammer/Tactile/2.jpg","","Hammer","https://tactileeval.s3.us-east-1.amazonaws.com/family_datasets/Tools_Instruments_and_Appliances/Hammer/Natural/hammer_3.png","https://tactileeval.s3.us-east-1.amazonaws.com/family_datasets/Tools_Instruments_and_Appliances/Hammer/Tactile/3.png","","Hammer","https://tactileeval.s3.us-east-1.amazonaws.com/family_datasets/Tools_Instruments_and_Appliances/Hammer/Natural/hammer_4.png","https://tactileeval.s3.us-east-1.amazonaws.com/family_datasets/Tools_Instruments_and_Appliances/Hammer/Tactile/4.jpg","","Hammer","https://tactileeval.s3.us-east-1.amazonaws.com/family_datasets/Tools_Instruments_and_Appliances/Hammer/Natural/hammer_5.jpg","https://tactileeval.s3.us-east-1.amazonaws.com/family_datasets/Tools_Instruments_and_Appliances/Hammer/Tactile/5.jpg","","Hammer","https://tactileeval.s3.us-east-1.amazonaws.com/family_datasets/Tools_Instruments_and_Appliances/Hammer/Natural/hammer_6.jpg","https://tactileeval.s3.us-east-1.amazonaws.com/family_datasets/Tools_Instruments_and_Appliances/Hammer/Tactile/6.jpg","","Hammer","https://tactileeval.s3.us-east-1.amazonaws.com/family_datasets/Tools_Instruments_and_Appliances/Hammer/Natural/hammer_7.png","https://tactileeval.s3.us-east-1.amazonaws.com/family_datasets/Tools_Instruments_and_Appliances/Hammer/Tactile/7.jpg","","Hammer","https://tactileeval.s3.us-east-1.amazonaws.com/family_datasets/Tools_Instruments_and_Appliances/Hammer/Natural/hammer_8.png","https://tactileeval.s3.us-east-1.amazonaws.com/family_datasets/Tools_Instruments_and_Appliances/Hammer/Tactile/8.jpg","","Hammer","https://tactileeval.s3.us-east-1.amazonaws.com/family_datasets/Tools_Instruments_and_Appliances/Hammer/Natural/hammer_9.jpg","https://tactileeval.s3.us-east-1.amazonaws.com/family_datasets/Tools_Instruments_and_Appliances/Hammer/Tactile/9.jpg","","Hammer","https://tactileeval.s3.us-east-1.amazonaws.com/family_datasets/Tools_Instruments_and_Appliances/Hammer/Natural/hammer_10.jpg","https://tactileeval.s3.us-east-1.amazonaws.com/family_datasets/Tools_Instruments_and_Appliances/Hammer/Tactile/10.jpg","","[{""question1"":{""orientation_match"":true,""view_frontal"":false,""view_perspective"":false,""view_side"":false,""view_top"":true},""question10"":{""orientation_match"":false,""view_frontal"":false,""view_perspective"":false,""view_side"":true,""view_top"":false},""question2"":{""orientation_match"":true,""view_frontal"":true,""view_perspective"":false,""view_side"":false,""view_top"":false},""question3"":{""orientation_match"":true,""view_frontal"":false,""view_perspective"":false,""view_side"":true,""view_top"":false},""question4"":{""orientation_match"":true,""view_frontal"":false,""view_perspective"":false,""view_side"":true,""view_top"":false},""question5"":{""orientation_match"":true,""view_frontal"":false,""view_perspective"":false,""view_side"":true,""view_top"":false},""question6"":{""orientation_match"":true,""view_frontal"":false,""view_perspective"":false,""view_side"":true,""view_top"":false},""question7"":{""orientation_match"":true,""view_frontal"":false,""view_perspective"":false,""view_side"":true,""view_top"":false},""question8"":{""orientation_match"":true,""view_frontal"":false,""view_perspective"":false,""view_side"":true,""view_top"":false},""question9"":{""orientation_match"":true,""view_frontal"":false,""view_perspective"":false,""view_side"":false,""view_top"":true}}]"
"3FJ2RVH26RKRQI2K8J7E5F37QG7290","3BHRGUFAI0A6J7Y48A1RI398KZKSCH","Categorize images based on view.","Review 10 line-arts and judge if it has same or different views. Identify view for each tactile. (10 pairs)","tactile, image review, accessibility, tools, instruments and appliances","$0.08","Sat Apr 18 18:48:15 PDT 2026","9","BatchId:5385948;OriginalHitTemplateId:928390873;","1800","1296000","Sat Apr 25 18:48:15 PDT 2026","","","30IQTZXKBDKCHOFXMEEFQES34P9X0O","AANFSTZSFMWNW","Rejected","Sat Apr 18 19:11:12 PDT 2026","Sat Apr 18 19:11:48 PDT 2026","Sun May 03 19:11:48 PDT 2026","","Sun Apr 19 07:41:34 PDT 2026","Thank you for your time. Unfortunately this submission did not pass the embedded gold-standard checks; this task requires very careful attention to detail.","36","88% (146/165)","25% (3/12)","25% (3/12)","Hammer","https://tactileeval.s3.us-east-1.amazonaws.com/family_datasets/Tools_Instruments_and_Appliances/Hammer/Natural/hammer_1.jpg","https://tactileeval.s3.us-east-1.amazonaws.com/family_datasets/Tools_Instruments_and_Appliances/Hammer/Tactile/1.jpg","","Hammer","https://tactileeval.s3.us-east-1.amazonaws.com/family_datasets/Tools_Instruments_and_Appliances/Hammer/Natural/hammer_2.png","https://tactileeval.s3.us-east-1.amazonaws.com/family_datasets/Tools_Instruments_and_Appliances/Hammer/Tactile/2.jpg","","Hammer","https://tactileeval.s3.us-east-1.amazonaws.com/family_datasets/Tools_Instruments_and_Appliances/Hammer/Natural/hammer_3.png","https://tactileeval.s3.us-east-1.amazonaws.com/family_datasets/Tools_Instruments_and_Appliances/Hammer/Tactile/3.png","","Hammer","https://tactileeval.s3.us-east-1.amazonaws.com/family_datasets/Tools_Instruments_and_Appliances/Hammer/Natural/hammer_4.png","https://tactileeval.s3.us-east-1.amazonaws.com/family_datasets/Tools_Instruments_and_Appliances/Hammer/Tactile/4.jpg","","Hammer","https://tactileeval.s3.us-east-1.amazonaws.com/family_datasets/Tools_Instruments_and_Appliances/Hammer/Natural/hammer_5.jpg","https://tactileeval.s3.us-east-1.amazonaws.com/family_datasets/Tools_Instruments_and_Appliances/Hammer/Tactile/5.jpg","","Hammer","https://tactileeval.s3.us-east-1.amazonaws.com/family_datasets/Tools_Instruments_and_Appliances/Hammer/Natural/hammer_6.jpg","https://tactileeval.s3.us-east-1.amazonaws.com/family_datasets/Tools_Instruments_and_Appliances/Hammer/Tactile/6.jpg","","Hammer","https://tactileeval.s3.us-east-1.amazonaws.com/family_datasets/Tools_Instruments_and_Appliances/Hammer/Natural/hammer_7.png","https://tactileeval.s3.us-east-1.amazonaws.com/family_datasets/Tools_Instruments_and_Appliances/Hammer/Tactile/7.jpg","","Hammer","https://tactileeval.s3.us-east-1.amazonaws.com/family_datasets/Tools_Instruments_and_Appliances/Hammer/Natural/hammer_8.png","https://tactileeval.s3.us-east-1.amazonaws.com/family_datasets/Tools_Instruments_and_Appliances/Hammer/Tactile/8.jpg","","Hammer","https://tactileeval.s3.us-east-1.amazonaws.com/family_datasets/Tools_Instruments_and_Appliances/Hammer/Natural/hammer_9.jpg","https://tactileeval.s3.us-east-1.amazonaws.com/family_datasets/Tools_Instruments_and_Appliances/Hammer/Tactile/9.jpg","","Hammer","https://tactileeval.s3.us-east-1.amazonaws.com/family_datasets/Tools_Instruments_and_Appliances/Hammer/Natural/hammer_10.jpg","https://tactileeval.s3.us-east-1.amazonaws.com/family_datasets/Tools_Instruments_and_Appliances/Hammer/Tactile/10.jpg","","[{""question1"":{""orientation_match"":true,""view_frontal"":true,""view_perspective"":false,""view_side"":false,""view_top"":false},""question10"":{""orientation_match"":true,""view_frontal"":false,""view_perspective"":true,""view_side"":false,""view_top"":false},""question2"":{""orientation_match"":true,""view_frontal"":true,""view_perspective"":false,""view_side"":false,""view_top"":false},""question3"":{""orientation_match"":true,""view_frontal"":false,""view_perspective"":false,""view_side"":true,""view_top"":false},""question4"":{""orientation_match"":true,""view_frontal"":false,""view_perspective"":false,""view_side"":true,""view_top"":false},""question5"":{""orientation_match"":false,""view_frontal"":true,""view_perspective"":false,""view_side"":false,""view_top"":false},""question6"":{""orientation_match"":false,""view_frontal"":false,""view_perspective"":false,""view_side"":true,""view_top"":false},""question7"":{""orientation_match"":false,""view_frontal"":false,""view_perspective"":false,""view_side"":false,""view_top"":true},""question8"":{""orientation_match"":true,""view_frontal"":false,""view_perspective"":false,""view_side"":false,""view_top"":false},""question9"":{""orientation_match"":true,""view_frontal"":false,""view_perspective"":false,""view_side"":false,""view_top"":false}}]"
"3FJ2RVH26RKRQI2K8J7E5F37QG7290","3BHRGUFAI0A6J7Y48A1RI398KZKSCH","Categorize images based on view.","Review 10 line-arts and judge if it has same or different views. Identify view for each tactile. (10 pairs)","tactile, image review, accessibility, tools, instruments and appliances","$0.08","Sat Apr 18 18:48:15 PDT 2026","9","BatchId:5385948;OriginalHitTemplateId:928390873;","1800","1296000","Sat Apr 25 18:48:15 PDT 2026","","","3XCC1ODXEEPG8LYKUD22G2XXGCQQRN","A1RQST9UG72B9D","Rejected","Sat Apr 18 20:07:54 PDT 2026","Sat Apr 18 20:10:16 PDT 2026","Sun May 03 20:10:16 PDT 2026","","Sun Apr 19 07:41:34 PDT 2026","Thank you for your time. Unfortunately this submission did not pass the embedded gold-standard checks; this task requires very careful attention to detail.","142","69% (11/16)","69% (11/16)","69% (11/16)","Hammer","https://tactileeval.s3.us-east-1.amazonaws.com/family_datasets/Tools_Instruments_and_Appliances/Hammer/Natural/hammer_1.jpg","https://tactileeval.s3.us-east-1.amazonaws.com/family_datasets/Tools_Instruments_and_Appliances/Hammer/Tactile/1.jpg","","Hammer","https://tactileeval.s3.us-east-1.amazonaws.com/family_datasets/Tools_Instruments_and_Appliances/Hammer/Natural/hammer_2.png","https://tactileeval.s3.us-east-1.amazonaws.com/family_datasets/Tools_Instruments_and_Appliances/Hammer/Tactile/2.jpg","","Hammer","https://tactileeval.s3.us-east-1.amazonaws.com/family_datasets/Tools_Instruments_and_Appliances/Hammer/Natural/hammer_3.png","https://tactileeval.s3.us-east-1.amazonaws.com/family_datasets/Tools_Instruments_and_Appliances/Hammer/Tactile/3.png","","Hammer","https://tactileeval.s3.us-east-1.amazonaws.com/family_datasets/Tools_Instruments_and_Appliances/Hammer/Natural/hammer_4.png","https://tactileeval.s3.us-east-1.amazonaws.com/family_datasets/Tools_Instruments_and_Appliances/Hammer/Tactile/4.jpg","","Hammer","https://tactileeval.s3.us-east-1.amazonaws.com/family_datasets/Tools_Instruments_and_Appliances/Hammer/Natural/hammer_5.jpg","https://tactileeval.s3.us-east-1.amazonaws.com/family_datasets/Tools_Instruments_and_Appliances/Hammer/Tactile/5.jpg","","Hammer","https://tactileeval.s3.us-east-1.amazonaws.com/family_datasets/Tools_Instruments_and_Appliances/Hammer/Natural/hammer_6.jpg","https://tactileeval.s3.us-east-1.amazonaws.com/family_datasets/Tools_Instruments_and_Appliances/Hammer/Tactile/6.jpg","","Hammer","https://tactileeval.s3.us-east-1.amazonaws.com/family_datasets/Tools_Instruments_and_Appliances/Hammer/Natural/hammer_7.png","https://tactileeval.s3.us-east-1.amazonaws.com/family_datasets/Tools_Instruments_and_Appliances/Hammer/Tactile/7.jpg","","Hammer","https://tactileeval.s3.us-east-1.amazonaws.com/family_datasets/Tools_Instruments_and_Appliances/Hammer/Natural/hammer_8.png","https://tactileeval.s3.us-east-1.amazonaws.com/family_datasets/Tools_Instruments_and_Appliances/Hammer/Tactile/8.jpg","","Hammer","https://tactileeval.s3.us-east-1.amazonaws.com/family_datasets/Tools_Instruments_and_Appliances/Hammer/Natural/hammer_9.jpg","https://tactileeval.s3.us-east-1.amazonaws.com/family_datasets/Tools_Instruments_and_Appliances/Hammer/Tactile/9.jpg","","Hammer","https://tactileeval.s3.us-east-1.amazonaws.com/family_datasets/Tools_Instruments_and_Appliances/Hammer/Natural/hammer_10.jpg","https://tactileeval.s3.us-east-1.amazonaws.com/family_datasets/Tools_Instruments_and_Appliances/Hammer/Tactile/10.jpg","","[{""question1"":{""orientation_match"":true,""view_frontal"":false,""view_perspective"":false,""view_side"":true,""view_top"":false},""question10"":{""orientation_match"":true,""view_frontal"":false,""view_perspective"":false,""view_side"":true,""view_top"":false},""question2"":{""orientation_match"":true,""view_frontal"":false,""view_perspective"":true,""view_side"":false,""view_top"":false},""question3"":{""orientation_match"":true,""view_frontal"":false,""view_perspective"":false,""view_side"":true,""view_top"":false},""question4"":{""orientation_match"":false,""view_frontal"":false,""view_perspective"":true,""view_side"":false,""view_top"":false},""question5"":{""orientation_match"":true,""view_frontal"":false,""view_perspective"":false,""view_side"":true,""view_top"":false},""question6"":{""orientation_match"":false,""view_frontal"":false,""view_perspective"":false,""view_side"":true,""view_top"":false},""question7"":{""orientation_match"":true,""view_frontal"":false,""view_perspective"":false,""view_side"":true,""view_top"":false},""question8"":{""orientation_match"":true,""view_frontal"":false,""view_perspective"":false,""view_side"":true,""view_top"":false},""question9"":{""orientation_match"":true,""view_frontal"":false,""view_perspective"":true,""view_side"":false,""view_top"":false}}]"
"3FJ2RVH26RKRQI2K8J7E5F37QG7290","3BHRGUFAI0A6J7Y48A1RI398KZKSCH","Categorize images based on view.","Review 10 line-arts and judge if it has same or different views. Identify view for each tactile. (10 pairs)","tactile, image review, accessibility, tools, instruments and appliances","$0.08","Sat Apr 18 18:48:15 PDT 2026","9","BatchId:5385948;OriginalHitTemplateId:928390873;","1800","1296000","Sat Apr 25 18:48:15 PDT 2026","","","3UNH76FODLJYK7CEGFNF7P6P9YAMY0","A312G4F6TIKFFQ","Rejected","Sat Apr 18 20:48:53 PDT 2026","Sat Apr 18 20:49:52 PDT 2026","Sun May 03 20:49:52 PDT 2026","","Sun Apr 19 07:41:34 PDT 2026","Thank you for your time. Unfortunately this submission did not pass the embedded gold-standard checks; this task requires very careful attention to detail.","59","70% (26/37)","35% (6/17)","35% (6/17)","Hammer","https://tactileeval.s3.us-east-1.amazonaws.com/family_datasets/Tools_Instruments_and_Appliances/Hammer/Natural/hammer_1.jpg","https://tactileeval.s3.us-east-1.amazonaws.com/family_datasets/Tools_Instruments_and_Appliances/Hammer/Tactile/1.jpg","","Hammer","https://tactileeval.s3.us-east-1.amazonaws.com/family_datasets/Tools_Instruments_and_Appliances/Hammer/Natural/hammer_2.png","https://tactileeval.s3.us-east-1.amazonaws.com/family_datasets/Tools_Instruments_and_Appliances/Hammer/Tactile/2.jpg","","Hammer","https://tactileeval.s3.us-east-1.amazonaws.com/family_datasets/Tools_Instruments_and_Appliances/Hammer/Natural/hammer_3.png","https://tactileeval.s3.us-east-1.amazonaws.com/family_datasets/Tools_Instruments_and_Appliances/Hammer/Tactile/3.png","","Hammer","https://tactileeval.s3.us-east-1.amazonaws.com/family_datasets/Tools_Instruments_and_Appliances/Hammer/Natural/hammer_4.png","https://tactileeval.s3.us-east-1.amazonaws.com/family_datasets/Tools_Instruments_and_Appliances/Hammer/Tactile/4.jpg","","Hammer","https://tactileeval.s3.us-east-1.amazonaws.com/family_datasets/Tools_Instruments_and_Appliances/Hammer/Natural/hammer_5.jpg","https://tactileeval.s3.us-east-1.amazonaws.com/family_datasets/Tools_Instruments_and_Appliances/Hammer/Tactile/5.jpg","","Hammer","https://tactileeval.s3.us-east-1.amazonaws.com/family_datasets/Tools_Instruments_and_Appliances/Hammer/Natural/hammer_6.jpg","https://tactileeval.s3.us-east-1.amazonaws.com/family_datasets/Tools_Instruments_and_Appliances/Hammer/Tactile/6.jpg","","Hammer","https://tactileeval.s3.us-east-1.amazonaws.com/family_datasets/Tools_Instruments_and_Appliances/Hammer/Natural/hammer_7.png","https://tactileeval.s3.us-east-1.amazonaws.com/family_datasets/Tools_Instruments_and_Appliances/Hammer/Tactile/7.jpg","","Hammer","https://tactileeval.s3.us-east-1.amazonaws.com/family_datasets/Tools_Instruments_and_Appliances/Hammer/Natural/hammer_8.png","https://tactileeval.s3.us-east-1.amazonaws.com/family_datasets/Tools_Instruments_and_Appliances/Hammer/Tactile/8.jpg","","Hammer","https://tactileeval.s3.us-east-1.amazonaws.com/family_datasets/Tools_Instruments_and_Appliances/Hammer/Natural/hammer_9.jpg","https://tactileeval.s3.us-east-1.amazonaws.com/family_datasets/Tools_Instruments_and_Appliances/Hammer/Tactile/9.jpg","","Hammer","https://tactileeval.s3.us-east-1.amazonaws.com/family_datasets/Tools_Instruments_and_Appliances/Hammer/Natural/hammer_10.jpg","https://tactileeval.s3.us-east-1.amazonaws.com/family_datasets/Tools_Instruments_and_Appliances/Hammer/Tactile/10.jpg","","[{""question1"":{""orientation_match"":true,""view_frontal"":false,""view_perspective"":false,""view_side"":true,""view_top"":false},""question10"":{""orientation_match"":false,""view_frontal"":false,""view_perspective"":false,""view_side"":true,""view_top"":false},""question2"":{""orientation_match"":false,""view_frontal"":false,""view_perspective"":true,""view_side"":false,""view_top"":false},""question3"":{""orientation_match"":true,""view_frontal"":false,""view_perspective"":false,""view_side"":true,""view_top"":false},""question4"":{""orientation_match"":true,""view_frontal"":false,""view_perspective"":false,""view_side"":true,""view_top"":false},""question5"":{""orientation_match"":true,""view_frontal"":false,""view_perspective"":false,""view_side"":true,""view_top"":false},""question6"":{""orientation_match"":false,""view_frontal"":false,""view_perspective"":false,""view_side"":true,""view_top"":false},""question7"":{""orientation_match"":true,""view_frontal"":true,""view_perspective"":false,""view_side"":false,""view_top"":false},""question8"":{""orientation_match"":true,""view_frontal"":true,""view_perspective"":false,""view_side"":false,""view_top"":false},""question9"":{""orientation_match"":true,""view_frontal"":false,""view_perspective"":true,""view_side"":false,""view_top"":false}}]"
"3FJ2RVH26RKRQI2K8J7E5F37QG7290","3BHRGUFAI0A6J7Y48A1RI398KZKSCH","Categorize images based on view.","Review 10 line-arts and judge if it has same or different views. Identify view for each tactile. (10 pairs)","tactile, image review, accessibility, tools, instruments and appliances","$0.08","Sat Apr 18 18:48:15 PDT 2026","9","BatchId:5385948;OriginalHitTemplateId:928390873;","1800","1296000","Sat Apr 25 18:48:15 PDT 2026","","","36NEMU28Y8RUV2HE1E5RMSL9YQEMW5","AJZHPDCKUVRM8","Rejected","Sat Apr 18 22:04:24 PDT 2026","Sat Apr 18 22:05:59 PDT 2026","Sun May 03 22:05:59 PDT 2026","","Sun Apr 19 07:41:34 PDT 2026","Thank you for your time. Unfortunately this submission did not pass the embedded gold-standard checks; this task requires very careful attention to detail.","95","86% (68/79)","86% (68/79)","86% (68/79)","Hammer","https://tactileeval.s3.us-east-1.amazonaws.com/family_datasets/Tools_Instruments_and_Appliances/Hammer/Natural/hammer_1.jpg","https://tactileeval.s3.us-east-1.amazonaws.com/family_datasets/Tools_Instruments_and_Appliances/Hammer/Tactile/1.jpg","","Hammer","https://tactileeval.s3.us-east-1.amazonaws.com/family_datasets/Tools_Instruments_and_Appliances/Hammer/Natural/hammer_2.png","https://tactileeval.s3.us-east-1.amazonaws.com/family_datasets/Tools_Instruments_and_Appliances/Hammer/Tactile/2.jpg","","Hammer","https://tactileeval.s3.us-east-1.amazonaws.com/family_datasets/Tools_Instruments_and_Appliances/Hammer/Natural/hammer_3.png","https://tactileeval.s3.us-east-1.amazonaws.com/family_datasets/Tools_Instruments_and_Appliances/Hammer/Tactile/3.png","","Hammer","https://tactileeval.s3.us-east-1.amazonaws.com/family_datasets/Tools_Instruments_and_Appliances/Hammer/Natural/hammer_4.png","https://tactileeval.s3.us-east-1.amazonaws.com/family_datasets/Tools_Instruments_and_Appliances/Hammer/Tactile/4.jpg","","Hammer","https://tactileeval.s3.us-east-1.amazonaws.com/family_datasets/Tools_Instruments_and_Appliances/Hammer/Natural/hammer_5.jpg","https://tactileeval.s3.us-east-1.amazonaws.com/family_datasets/Tools_Instruments_and_Appliances/Hammer/Tactile/5.jpg","","Hammer","https://tactileeval.s3.us-east-1.amazonaws.com/family_datasets/Tools_Instruments_and_Appliances/Hammer/Natural/hammer_6.jpg","https://tactileeval.s3.us-east-1.amazonaws.com/family_datasets/Tools_Instruments_and_Appliances/Hammer/Tactile/6.jpg","","Hammer","https://tactileeval.s3.us-east-1.amazonaws.com/family_datasets/Tools_Instruments_and_Appliances/Hammer/Natural/hammer_7.png","https://tactileeval.s3.us-east-1.amazonaws.com/family_datasets/Tools_Instruments_and_Appliances/Hammer/Tactile/7.jpg","","Hammer","https://tactileeval.s3.us-east-1.amazonaws.com/family_datasets/Tools_Instruments_and_Appliances/Hammer/Natural/hammer_8.png","https://tactileeval.s3.us-east-1.amazonaws.com/family_datasets/Tools_Instruments_and_Appliances/Hammer/Tactile/8.jpg","","Hammer","https://tactileeval.s3.us-east-1.amazonaws.com/family_datasets/Tools_Instruments_and_Appliances/Hammer/Natural/hammer_9.jpg","https://tactileeval.s3.us-east-1.amazonaws.com/family_datasets/Tools_Instruments_and_Appliances/Hammer/Tactile/9.jpg","","Hammer","https://tactileeval.s3.us-east-1.amazonaws.com/family_datasets/Tools_Instruments_and_Appliances/Hammer/Natural/hammer_10.jpg","https://tactileeval.s3.us-east-1.amazonaws.com/family_datasets/Tools_Instruments_and_Appliances/Hammer/Tactile/10.jpg","","[{""question1"":{""orientation_match"":true,""view_frontal"":false,""view_perspective"":true,""view_side"":false,""view_top"":false},""question10"":{""orientation_match"":true,""view_frontal"":false,""view_perspective"":true,""view_side"":false,""view_top"":false},""question2"":{""orientation_match"":false,""view_frontal"":false,""view_perspective"":false,""view_side"":true,""view_top"":false},""question3"":{""orientation_match"":true,""view_frontal"":false,""view_perspective"":false,""view_side"":true,""view_top"":false},""question4"":{""orientation_match"":true,""view_frontal"":false,""view_perspective"":false,""view_side"":true,""view_top"":false},""question5"":{""orientation_match"":true,""view_frontal"":false,""view_perspective"":false,""view_side"":true,""view_top"":false},""question6"":{""orientation_match"":true,""view_frontal"":false,""view_perspective"":true,""view_side"":false,""view_top"":false},""question7"":{""orientation_match"":true,""view_frontal"":false,""view_perspective"":false,""view_side"":true,""view_top"":false},""question8"":{""orientation_match"":true,""view_frontal"":false,""view_perspective"":false,""view_side"":true,""view_top"":false},""question9"":{""orientation_match"":true,""view_frontal"":false,""view_perspective"":false,""view_side"":false,""view_top"":true}}]"
"3FJ2RVH26RKRQI2K8J7E5F37QG7290","3BHRGUFAI0A6J7Y48A1RI398KZKSCH","Categorize images based on view.","Review 10 line-arts and judge if it has same or different views. Identify view for each tactile. (10 pairs)","tactile, image review, accessibility, tools, instruments and appliances","$0.08","Sat Apr 18 18:48:15 PDT 2026","9","BatchId:5385948;OriginalHitTemplateId:928390873;","1800","1296000","Sat Apr 25 18:48:15 PDT 2026","","","3L70J4KA090UKV8YNGAWLD1OXTKDA4","A2S834OHCORO1W","Rejected","Sat Apr 18 22:11:16 PDT 2026","Sat Apr 18 22:20:19 PDT 2026","Sun May 03 22:20:19 PDT 2026","","Sun Apr 19 07:41:34 PDT 2026","Thank you for your time. Unfortunately this submission did not pass the embedded gold-standard checks; this task requires very careful attention to detail.","543","44% (4/9)","17% (1/6)","17% (1/6)","Hammer","https://tactileeval.s3.us-east-1.amazonaws.com/family_datasets/Tools_Instruments_and_Appliances/Hammer/Natural/hammer_1.jpg","https://tactileeval.s3.us-east-1.amazonaws.com/family_datasets/Tools_Instruments_and_Appliances/Hammer/Tactile/1.jpg","","Hammer","https://tactileeval.s3.us-east-1.amazonaws.com/family_datasets/Tools_Instruments_and_Appliances/Hammer/Natural/hammer_2.png","https://tactileeval.s3.us-east-1.amazonaws.com/family_datasets/Tools_Instruments_and_Appliances/Hammer/Tactile/2.jpg","","Hammer","https://tactileeval.s3.us-east-1.amazonaws.com/family_datasets/Tools_Instruments_and_Appliances/Hammer/Natural/hammer_3.png","https://tactileeval.s3.us-east-1.amazonaws.com/family_datasets/Tools_Instruments_and_Appliances/Hammer/Tactile/3.png","","Hammer","https://tactileeval.s3.us-east-1.amazonaws.com/family_datasets/Tools_Instruments_and_Appliances/Hammer/Natural/hammer_4.png","https://tactileeval.s3.us-east-1.amazonaws.com/family_datasets/Tools_Instruments_and_Appliances/Hammer/Tactile/4.jpg","","Hammer","https://tactileeval.s3.us-east-1.amazonaws.com/family_datasets/Tools_Instruments_and_Appliances/Hammer/Natural/hammer_5.jpg","https://tactileeval.s3.us-east-1.amazonaws.com/family_datasets/Tools_Instruments_and_Appliances/Hammer/Tactile/5.jpg","","Hammer","https://tactileeval.s3.us-east-1.amazonaws.com/family_datasets/Tools_Instruments_and_Appliances/Hammer/Natural/hammer_6.jpg","https://tactileeval.s3.us-east-1.amazonaws.com/family_datasets/Tools_Instruments_and_Appliances/Hammer/Tactile/6.jpg","","Hammer","https://tactileeval.s3.us-east-1.amazonaws.com/family_datasets/Tools_Instruments_and_Appliances/Hammer/Natural/hammer_7.png","https://tactileeval.s3.us-east-1.amazonaws.com/family_datasets/Tools_Instruments_and_Appliances/Hammer/Tactile/7.jpg","","Hammer","https://tactileeval.s3.us-east-1.amazonaws.com/family_datasets/Tools_Instruments_and_Appliances/Hammer/Natural/hammer_8.png","https://tactileeval.s3.us-east-1.amazonaws.com/family_datasets/Tools_Instruments_and_Appliances/Hammer/Tactile/8.jpg","","Hammer","https://tactileeval.s3.us-east-1.amazonaws.com/family_datasets/Tools_Instruments_and_Appliances/Hammer/Natural/hammer_9.jpg","https://tactileeval.s3.us-east-1.amazonaws.com/family_datasets/Tools_Instruments_and_Appliances/Hammer/Tactile/9.jpg","","Hammer","https://tactileeval.s3.us-east-1.amazonaws.com/family_datasets/Tools_Instruments_and_Appliances/Hammer/Natural/hammer_10.jpg","https://tactileeval.s3.us-east-1.amazonaws.com/family_datasets/Tools_Instruments_and_Appliances/Hammer/Tactile/10.jpg","","[{""question1"":{""orientation_match"":true,""view_frontal"":false,""view_perspective"":false,""view_side"":true,""view_top"":false},""question10"":{""orientation_match"":true,""view_frontal"":false,""view_perspective"":true,""view_side"":false,""view_top"":false},""question2"":{""orientation_match"":true,""view_frontal"":false,""view_perspective"":false,""view_side"":false,""view_top"":true},""question3"":{""orientation_match"":true,""view_frontal"":false,""view_perspective"":false,""view_side"":true,""view_top"":false},""question4"":{""orientation_match"":true,""view_frontal"":false,""view_perspective"":false,""view_side"":true,""view_top"":false},""question5"":{""orientation_match"":true,""view_frontal"":false,""view_perspective"":false,""view_side"":true,""view_top"":false},""question6"":{""orientation_match"":true,""view_frontal"":false,""view_perspective"":true,""view_side"":false,""view_top"":false},""question7"":{""orientation_match"":true,""view_frontal"":false,""view_perspective"":false,""view_side"":true,""view_top"":false},""question8"":{""orientation_match"":true,""view_frontal"":true,""view_perspective"":false,""view_side"":false,""view_top"":false},""question9"":{""orientation_match"":true,""view_frontal"":false,""view_perspective"":true,""view_side"":false,""view_top"":false}}]"
"3FJ2RVH26RKRQI2K8J7E5F37QG7290","3BHRGUFAI0A6J7Y48A1RI398KZKSCH","Categorize images based on view.","Review 10 line-arts and judge if it has same or different views. Identify view for each tactile. (10 pairs)","tactile, image review, accessibility, tools, instruments and appliances","$0.08","Sat Apr 18 18:48:15 PDT 2026","9","BatchId:5385948;OriginalHitTemplateId:928390873;","1800","1296000","Sat Apr 25 18:48:15 PDT 2026","","","3EA3QWIZ5B9G72NTLU2O7F7TDNDITW","A2UZP2FRACKPK1","Approved","Sat Apr 18 22:12:18 PDT 2026","Sat Apr 18 22:35:58 PDT 2026","Sun May 03 22:35:58 PDT 2026","Sun Apr 19 07:41:34 PDT 2026","","","1420","56% (5/9)","56% (5/9)","56% (5/9)","Hammer","https://tactileeval.s3.us-east-1.amazonaws.com/family_datasets/Tools_Instruments_and_Appliances/Hammer/Natural/hammer_1.jpg","https://tactileeval.s3.us-east-1.amazonaws.com/family_datasets/Tools_Instruments_and_Appliances/Hammer/Tactile/1.jpg","","Hammer","https://tactileeval.s3.us-east-1.amazonaws.com/family_datasets/Tools_Instruments_and_Appliances/Hammer/Natural/hammer_2.png","https://tactileeval.s3.us-east-1.amazonaws.com/family_datasets/Tools_Instruments_and_Appliances/Hammer/Tactile/2.jpg","","Hammer","https://tactileeval.s3.us-east-1.amazonaws.com/family_datasets/Tools_Instruments_and_Appliances/Hammer/Natural/hammer_3.png","https://tactileeval.s3.us-east-1.amazonaws.com/family_datasets/Tools_Instruments_and_Appliances/Hammer/Tactile/3.png","","Hammer","https://tactileeval.s3.us-east-1.amazonaws.com/family_datasets/Tools_Instruments_and_Appliances/Hammer/Natural/hammer_4.png","https://tactileeval.s3.us-east-1.amazonaws.com/family_datasets/Tools_Instruments_and_Appliances/Hammer/Tactile/4.jpg","","Hammer","https://tactileeval.s3.us-east-1.amazonaws.com/family_datasets/Tools_Instruments_and_Appliances/Hammer/Natural/hammer_5.jpg","https://tactileeval.s3.us-east-1.amazonaws.com/family_datasets/Tools_Instruments_and_Appliances/Hammer/Tactile/5.jpg","","Hammer","https://tactileeval.s3.us-east-1.amazonaws.com/family_datasets/Tools_Instruments_and_Appliances/Hammer/Natural/hammer_6.jpg","https://tactileeval.s3.us-east-1.amazonaws.com/family_datasets/Tools_Instruments_and_Appliances/Hammer/Tactile/6.jpg","","Hammer","https://tactileeval.s3.us-east-1.amazonaws.com/family_datasets/Tools_Instruments_and_Appliances/Hammer/Natural/hammer_7.png","https://tactileeval.s3.us-east-1.amazonaws.com/family_datasets/Tools_Instruments_and_Appliances/Hammer/Tactile/7.jpg","","Hammer","https://tactileeval.s3.us-east-1.amazonaws.com/family_datasets/Tools_Instruments_and_Appliances/Hammer/Natural/hammer_8.png","https://tactileeval.s3.us-east-1.amazonaws.com/family_datasets/Tools_Instruments_and_Appliances/Hammer/Tactile/8.jpg","","Hammer","https://tactileeval.s3.us-east-1.amazonaws.com/family_datasets/Tools_Instruments_and_Appliances/Hammer/Natural/hammer_9.jpg","https://tactileeval.s3.us-east-1.amazonaws.com/family_datasets/Tools_Instruments_and_Appliances/Hammer/Tactile/9.jpg","","Hammer","https://tactileeval.s3.us-east-1.amazonaws.com/family_datasets/Tools_Instruments_and_Appliances/Hammer/Natural/hammer_10.jpg","https://tactileeval.s3.us-east-1.amazonaws.com/family_datasets/Tools_Instruments_and_Appliances/Hammer/Tactile/10.jpg","","[{""question1"":{""orientation_match"":true,""view_frontal"":false,""view_perspective"":false,""view_side"":true,""view_top"":false},""question10"":{""orientation_match"":true,""view_frontal"":false,""view_perspective"":false,""view_side"":true,""view_top"":false},""question2"":{""orientation_match"":true,""view_frontal"":true,""view_perspective"":false,""view_side"":false,""view_top"":false},""question3"":{""orientation_match"":true,""view_frontal"":true,""view_perspective"":false,""view_side"":false,""view_top"":false},""question4"":{""orientation_match"":true,""view_frontal"":true,""view_perspective"":false,""view_side"":false,""view_top"":false},""question5"":{""orientation_match"":true,""view_frontal"":true,""view_perspective"":false,""view_side"":false,""view_top"":false},""question6"":{""orientation_match"":true,""view_frontal"":false,""view_perspective"":false,""view_side"":true,""view_top"":false},""question7"":{""orientation_match"":true,""view_frontal"":true,""view_perspective"":false,""view_side"":false,""view_top"":false},""question8"":{""orientation_match"":true,""view_frontal"":true,""view_perspective"":false,""view_side"":false,""view_top"":false},""question9"":{""orientation_match"":true,""view_frontal"":false,""view_perspective"":false,""view_side"":true,""view_top"":false}}]"
"3FJ2RVH26RKRQI2K8J7E5F37QG7290","3BHRGUFAI0A6J7Y48A1RI398KZKSCH","Categorize images based on view.","Review 10 line-arts and judge if it has same or different views. Identify view for each tactile. (10 pairs)","tactile, image review, accessibility, tools, instruments and appliances","$0.08","Sat Apr 18 18:48:15 PDT 2026","9","BatchId:5385948;OriginalHitTemplateId:928390873;","1800","1296000","Sat Apr 25 18:48:15 PDT 2026","","","3G0WWMR1VOYVTN6S16LL7ISNFGRNQO","A1YI3I2KCAXRHQ","Rejected","Sun Apr 19 07:55:06 PDT 2026","Sun Apr 19 07:59:39 PDT 2026","Mon May 04 07:59:39 PDT 2026","","Sun Apr 19 09:04:03 PDT 2026","Thank you for your time. Unfortunately this submission did not pass the embedded gold-standard checks; this task requires very careful attention to detail.","273","20% (1/5)","20% (1/5)","20% (1/5)","Hammer","https://tactileeval.s3.us-east-1.amazonaws.com/family_datasets/Tools_Instruments_and_Appliances/Hammer/Natural/hammer_1.jpg","https://tactileeval.s3.us-east-1.amazonaws.com/family_datasets/Tools_Instruments_and_Appliances/Hammer/Tactile/1.jpg","","Hammer","https://tactileeval.s3.us-east-1.amazonaws.com/family_datasets/Tools_Instruments_and_Appliances/Hammer/Natural/hammer_2.png","https://tactileeval.s3.us-east-1.amazonaws.com/family_datasets/Tools_Instruments_and_Appliances/Hammer/Tactile/2.jpg","","Hammer","https://tactileeval.s3.us-east-1.amazonaws.com/family_datasets/Tools_Instruments_and_Appliances/Hammer/Natural/hammer_3.png","https://tactileeval.s3.us-east-1.amazonaws.com/family_datasets/Tools_Instruments_and_Appliances/Hammer/Tactile/3.png","","Hammer","https://tactileeval.s3.us-east-1.amazonaws.com/family_datasets/Tools_Instruments_and_Appliances/Hammer/Natural/hammer_4.png","https://tactileeval.s3.us-east-1.amazonaws.com/family_datasets/Tools_Instruments_and_Appliances/Hammer/Tactile/4.jpg","","Hammer","https://tactileeval.s3.us-east-1.amazonaws.com/family_datasets/Tools_Instruments_and_Appliances/Hammer/Natural/hammer_5.jpg","https://tactileeval.s3.us-east-1.amazonaws.com/family_datasets/Tools_Instruments_and_Appliances/Hammer/Tactile/5.jpg","","Hammer","https://tactileeval.s3.us-east-1.amazonaws.com/family_datasets/Tools_Instruments_and_Appliances/Hammer/Natural/hammer_6.jpg","https://tactileeval.s3.us-east-1.amazonaws.com/family_datasets/Tools_Instruments_and_Appliances/Hammer/Tactile/6.jpg","","Hammer","https://tactileeval.s3.us-east-1.amazonaws.com/family_datasets/Tools_Instruments_and_Appliances/Hammer/Natural/hammer_7.png","https://tactileeval.s3.us-east-1.amazonaws.com/family_datasets/Tools_Instruments_and_Appliances/Hammer/Tactile/7.jpg","","Hammer","https://tactileeval.s3.us-east-1.amazonaws.com/family_datasets/Tools_Instruments_and_Appliances/Hammer/Natural/hammer_8.png","https://tactileeval.s3.us-east-1.amazonaws.com/family_datasets/Tools_Instruments_and_Appliances/Hammer/Tactile/8.jpg","","Hammer","https://tactileeval.s3.us-east-1.amazonaws.com/family_datasets/Tools_Instruments_and_Appliances/Hammer/Natural/hammer_9.jpg","https://tactileeval.s3.us-east-1.amazonaws.com/family_datasets/Tools_Instruments_and_Appliances/Hammer/Tactile/9.jpg","","Hammer","https://tactileeval.s3.us-east-1.amazonaws.com/family_datasets/Tools_Instruments_and_Appliances/Hammer/Natural/hammer_10.jpg","https://tactileeval.s3.us-east-1.amazonaws.com/family_datasets/Tools_Instruments_and_Appliances/Hammer/Tactile/10.jpg","","[{""question1"":{""orientation_match"":false,""view_frontal"":true,""view_perspective"":false,""view_side"":false,""view_top"":false},""question10"":{""orientation_match"":false,""view_frontal"":true,""view_perspective"":false,""view_side"":false,""view_top"":false},""question2"":{""orientation_match"":true,""view_frontal"":false,""view_perspective"":false,""view_side"":false,""view_top"":false},""question3"":{""orientation_match"":false,""view_frontal"":true,""view_perspective"":false,""view_side"":false,""view_top"":false},""question4"":{""orientation_match"":false,""view_frontal"":false,""view_perspective"":false,""view_side"":true,""view_top"":false},""question5"":{""orientation_match"":true,""view_frontal"":false,""view_perspective"":false,""view_side"":false,""view_top"":false},""question6"":{""orientation_match"":true,""view_frontal"":false,""view_perspective"":false,""view_side"":false,""view_top"":false},""question7"":{""orientation_match"":true,""view_frontal"":false,""view_perspective"":false,""view_side"":false,""view_top"":false},""question8"":{""orientation_match"":false,""view_frontal"":true,""view_perspective"":false,""view_side"":false,""view_top"":false},""question9"":{""orientation_match"":true,""view_frontal"":false,""view_perspective"":false,""view_side"":false,""view_top"":false}}]"
"3FJ2RVH26RKRQI2K8J7E5F37QG7290","3BHRGUFAI0A6J7Y48A1RI398KZKSCH","Categorize images based on view.","Review 10 line-arts and judge if it has same or different views. Identify view for each tactile. (10 pairs)","tactile, image review, accessibility, tools, instruments and appliances","$0.08","Sat Apr 18 18:48:15 PDT 2026","9","BatchId:5385948;OriginalHitTemplateId:928390873;","1800","1296000","Sat Apr 25 18:48:15 PDT 2026","","","3DZQRBDBTET02ZSVBRQBT49ISNNS34","A205WBOO6VB6WP","Rejected","Sun Apr 19 08:25:39 PDT 2026","Sun Apr 19 08:34:48 PDT 2026","Mon May 04 08:34:48 PDT 2026","","Sun Apr 19 09:04:03 PDT 2026","Thank you for your time. Unfortunately this submission did not pass the embedded gold-standard checks; this task requires very careful attention to detail.","549","75% (3/4)","75% (3/4)","75% (3/4)","Hammer","https://tactileeval.s3.us-east-1.amazonaws.com/family_datasets/Tools_Instruments_and_Appliances/Hammer/Natural/hammer_1.jpg","https://tactileeval.s3.us-east-1.amazonaws.com/family_datasets/Tools_Instruments_and_Appliances/Hammer/Tactile/1.jpg","","Hammer","https://tactileeval.s3.us-east-1.amazonaws.com/family_datasets/Tools_Instruments_and_Appliances/Hammer/Natural/hammer_2.png","https://tactileeval.s3.us-east-1.amazonaws.com/family_datasets/Tools_Instruments_and_Appliances/Hammer/Tactile/2.jpg","","Hammer","https://tactileeval.s3.us-east-1.amazonaws.com/family_datasets/Tools_Instruments_and_Appliances/Hammer/Natural/hammer_3.png","https://tactileeval.s3.us-east-1.amazonaws.com/family_datasets/Tools_Instruments_and_Appliances/Hammer/Tactile/3.png","","Hammer","https://tactileeval.s3.us-east-1.amazonaws.com/family_datasets/Tools_Instruments_and_Appliances/Hammer/Natural/hammer_4.png","https://tactileeval.s3.us-east-1.amazonaws.com/family_datasets/Tools_Instruments_and_Appliances/Hammer/Tactile/4.jpg","","Hammer","https://tactileeval.s3.us-east-1.amazonaws.com/family_datasets/Tools_Instruments_and_Appliances/Hammer/Natural/hammer_5.jpg","https://tactileeval.s3.us-east-1.amazonaws.com/family_datasets/Tools_Instruments_and_Appliances/Hammer/Tactile/5.jpg","","Hammer","https://tactileeval.s3.us-east-1.amazonaws.com/family_datasets/Tools_Instruments_and_Appliances/Hammer/Natural/hammer_6.jpg","https://tactileeval.s3.us-east-1.amazonaws.com/family_datasets/Tools_Instruments_and_Appliances/Hammer/Tactile/6.jpg","","Hammer","https://tactileeval.s3.us-east-1.amazonaws.com/family_datasets/Tools_Instruments_and_Appliances/Hammer/Natural/hammer_7.png","https://tactileeval.s3.us-east-1.amazonaws.com/family_datasets/Tools_Instruments_and_Appliances/Hammer/Tactile/7.jpg","","Hammer","https://tactileeval.s3.us-east-1.amazonaws.com/family_datasets/Tools_Instruments_and_Appliances/Hammer/Natural/hammer_8.png","https://tactileeval.s3.us-east-1.amazonaws.com/family_datasets/Tools_Instruments_and_Appliances/Hammer/Tactile/8.jpg","","Hammer","https://tactileeval.s3.us-east-1.amazonaws.com/family_datasets/Tools_Instruments_and_Appliances/Hammer/Natural/hammer_9.jpg","https://tactileeval.s3.us-east-1.amazonaws.com/family_datasets/Tools_Instruments_and_Appliances/Hammer/Tactile/9.jpg","","Hammer","https://tactileeval.s3.us-east-1.amazonaws.com/family_datasets/Tools_Instruments_and_Appliances/Hammer/Natural/hammer_10.jpg","https://tactileeval.s3.us-east-1.amazonaws.com/family_datasets/Tools_Instruments_and_Appliances/Hammer/Tactile/10.jpg","","[{""question1"":{""orientation_match"":true,""view_frontal"":false,""view_perspective"":false,""view_side"":true,""view_top"":false},""question10"":{""orientation_match"":true,""view_frontal"":false,""view_perspective"":false,""view_side"":true,""view_top"":false},""question2"":{""orientation_match"":true,""view_frontal"":true,""view_perspective"":false,""view_side"":false,""view_top"":false},""question3"":{""orientation_match"":false,""view_frontal"":false,""view_perspective"":false,""view_side"":true,""view_top"":false},""question4"":{""orientation_match"":true,""view_frontal"":false,""view_perspective"":true,""view_side"":false,""view_top"":false},""question5"":{""orientation_match"":true,""view_frontal"":false,""view_perspective"":false,""view_side"":true,""view_top"":false},""question6"":{""orientation_match"":true,""view_frontal"":false,""view_perspective"":false,""view_side"":true,""view_top"":false},""question7"":{""orientation_match"":true,""view_frontal"":false,""view_perspective"":false,""view_side"":true,""view_top"":false},""question8"":{""orientation_match"":false,""view_frontal"":false,""view_perspective"":false,""view_side"":true,""view_top"":false},""question9"":{""orientation_match"":true,""view_frontal"":false,""view_perspective"":true,""view_side"":false,""view_top"":false}}]"
"3XEIP58NMS1CXV65MNJIXZ49BJMLZN","3BHRGUFAI0A6J7Y48A1RI398KZKSCH","Categorize images based on view.","Review 10 line-arts and judge if it has same or different views. Identify view for each tactile. (10 pairs)","tactile, image review, accessibility, tools, instruments and appliances","$0.08","Sat Apr 18 18:48:15 PDT 2026","9","BatchId:5385948;OriginalHitTemplateId:928390873;","1800","1296000","Sat Apr 25 18:48:15 PDT 2026","","","3BF51CHDUOOFVYFIHAWTNS49GZF0HN","A33I0A28TLIR6J","Rejected","Sat Apr 18 18:55:41 PDT 2026","Sat Apr 18 19:00:13 PDT 2026","Sun May 03 19:00:13 PDT 2026","","Sun Apr 19 07:41:35 PDT 2026","Thank you for your time. Unfortunately this submission did not pass the embedded gold-standard checks; this task requires very careful attention to detail.","272","75% (21/28)","30% (3/10)","30% (3/10)","Hammer","https://tactileeval.s3.us-east-1.amazonaws.com/family_datasets/Tools_Instruments_and_Appliances/Hammer/Natural/hammer_11.png","https://tactileeval.s3.us-east-1.amazonaws.com/family_datasets/Tools_Instruments_and_Appliances/Hammer/Tactile/11.jpg","","Hammer","https://tactileeval.s3.us-east-1.amazonaws.com/family_datasets/Tools_Instruments_and_Appliances/Hammer/Natural/hammer_12.png","https://tactileeval.s3.us-east-1.amazonaws.com/family_datasets/Tools_Instruments_and_Appliances/Hammer/Tactile/12.jpg","","Hammer","https://tactileeval.s3.us-east-1.amazonaws.com/family_datasets/Tools_Instruments_and_Appliances/Hammer/Natural/hammer_13.png","https://tactileeval.s3.us-east-1.amazonaws.com/family_datasets/Tools_Instruments_and_Appliances/Hammer/Tactile/13.jpg","","Hammer","https://tactileeval.s3.us-east-1.amazonaws.com/family_datasets/Tools_Instruments_and_Appliances/Hammer/Natural/hammer_14.png","https://tactileeval.s3.us-east-1.amazonaws.com/family_datasets/Tools_Instruments_and_Appliances/Hammer/Tactile/14.jpg","","Hammer","https://tactileeval.s3.us-east-1.amazonaws.com/family_datasets/Tools_Instruments_and_Appliances/Hammer/Natural/hammer_15.png","https://tactileeval.s3.us-east-1.amazonaws.com/family_datasets/Tools_Instruments_and_Appliances/Hammer/Tactile/15.jpg","","Hammer","https://tactileeval.s3.us-east-1.amazonaws.com/family_datasets/Tools_Instruments_and_Appliances/Hammer/Natural/hammer_16.png","https://tactileeval.s3.us-east-1.amazonaws.com/family_datasets/Tools_Instruments_and_Appliances/Hammer/Tactile/16.jpg","","Hammer","https://tactileeval.s3.us-east-1.amazonaws.com/family_datasets/Tools_Instruments_and_Appliances/Hammer/Natural/hammer_17.png","https://tactileeval.s3.us-east-1.amazonaws.com/family_datasets/Tools_Instruments_and_Appliances/Hammer/Tactile/17.jpg","","Hammer","https://tactileeval.s3.us-east-1.amazonaws.com/family_datasets/Tools_Instruments_and_Appliances/Hammer/Natural/hammer_18.png","https://tactileeval.s3.us-east-1.amazonaws.com/family_datasets/Tools_Instruments_and_Appliances/Hammer/Tactile/18.jpg","","Hammer","https://tactileeval.s3.us-east-1.amazonaws.com/family_datasets/Tools_Instruments_and_Appliances/Hammer/Natural/hammer_19.jpg","https://tactileeval.s3.us-east-1.amazonaws.com/family_datasets/Tools_Instruments_and_Appliances/Hammer/Tactile/19.jpg","","Iron","https://tactileeval.s3.us-east-1.amazonaws.com/family_datasets/Tools_Instruments_and_Appliances/Iron/Natural/1.png","https://tactileeval.s3.us-east-1.amazonaws.com/family_datasets/Tools_Instruments_and_Appliances/Iron/Tactile/1.jpeg","","[{""question1"":{""orientation_match"":true,""view_frontal"":false,""view_perspective"":false,""view_side"":true,""view_top"":false},""question10"":{""orientation_match"":true,""view_frontal"":false,""view_perspective"":false,""view_side"":true,""view_top"":false},""question2"":{""orientation_match"":true,""view_frontal"":false,""view_perspective"":false,""view_side"":true,""view_top"":false},""question3"":{""orientation_match"":true,""view_frontal"":false,""view_perspective"":false,""view_side"":true,""view_top"":false},""question4"":{""orientation_match"":true,""view_frontal"":false,""view_perspective"":false,""view_side"":true,""view_top"":false},""question5"":{""orientation_match"":true,""view_frontal"":false,""view_perspective"":false,""view_side"":true,""view_top"":false},""question6"":{""orientation_match"":true,""view_frontal"":false,""view_perspective"":false,""view_side"":true,""view_top"":false},""question7"":{""orientation_match"":true,""view_frontal"":false,""view_perspective"":false,""view_side"":true,""view_top"":false},""question8"":{""orientation_match"":true,""view_frontal"":false,""view_perspective"":false,""view_side"":true,""view_top"":false},""question9"":{""orientation_match"":false,""view_frontal"":false,""view_perspective"":false,""view_side"":true,""view_top"":false}}]"
"3XEIP58NMS1CXV65MNJIXZ49BJMLZN","3BHRGUFAI0A6J7Y48A1RI398KZKSCH","Categorize images based on view.","Review 10 line-arts and judge if it has same or different views. Identify view for each tactile. (10 pairs)","tactile, image review, accessibility, tools, instruments and appliances","$0.08","Sat Apr 18 18:48:15 PDT 2026","9","BatchId:5385948;OriginalHitTemplateId:928390873;","1800","1296000","Sat Apr 25 18:48:15 PDT 2026","","","3FTF2T8WMKWFOIYKC51MH6FPYRXW96","AANFSTZSFMWNW","Rejected","Sat Apr 18 19:07:41 PDT 2026","Sat Apr 18 19:08:27 PDT 2026","Sun May 03 19:08:27 PDT 2026","","Sun Apr 19 07:41:35 PDT 2026","Thank you for your time. Unfortunately this submission did not pass the embedded gold-standard checks; this task requires very careful attention to detail.","46","88% (146/165)","25% (3/12)","25% (3/12)","Hammer","https://tactileeval.s3.us-east-1.amazonaws.com/family_datasets/Tools_Instruments_and_Appliances/Hammer/Natural/hammer_11.png","https://tactileeval.s3.us-east-1.amazonaws.com/family_datasets/Tools_Instruments_and_Appliances/Hammer/Tactile/11.jpg","","Hammer","https://tactileeval.s3.us-east-1.amazonaws.com/family_datasets/Tools_Instruments_and_Appliances/Hammer/Natural/hammer_12.png","https://tactileeval.s3.us-east-1.amazonaws.com/family_datasets/Tools_Instruments_and_Appliances/Hammer/Tactile/12.jpg","","Hammer","https://tactileeval.s3.us-east-1.amazonaws.com/family_datasets/Tools_Instruments_and_Appliances/Hammer/Natural/hammer_13.png","https://tactileeval.s3.us-east-1.amazonaws.com/family_datasets/Tools_Instruments_and_Appliances/Hammer/Tactile/13.jpg","","Hammer","https://tactileeval.s3.us-east-1.amazonaws.com/family_datasets/Tools_Instruments_and_Appliances/Hammer/Natural/hammer_14.png","https://tactileeval.s3.us-east-1.amazonaws.com/family_datasets/Tools_Instruments_and_Appliances/Hammer/Tactile/14.jpg","","Hammer","https://tactileeval.s3.us-east-1.amazonaws.com/family_datasets/Tools_Instruments_and_Appliances/Hammer/Natural/hammer_15.png","https://tactileeval.s3.us-east-1.amazonaws.com/family_datasets/Tools_Instruments_and_Appliances/Hammer/Tactile/15.jpg","","Hammer","https://tactileeval.s3.us-east-1.amazonaws.com/family_datasets/Tools_Instruments_and_Appliances/Hammer/Natural/hammer_16.png","https://tactileeval.s3.us-east-1.amazonaws.com/family_datasets/Tools_Instruments_and_Appliances/Hammer/Tactile/16.jpg","","Hammer","https://tactileeval.s3.us-east-1.amazonaws.com/family_datasets/Tools_Instruments_and_Appliances/Hammer/Natural/hammer_17.png","https://tactileeval.s3.us-east-1.amazonaws.com/family_datasets/Tools_Instruments_and_Appliances/Hammer/Tactile/17.jpg","","Hammer","https://tactileeval.s3.us-east-1.amazonaws.com/family_datasets/Tools_Instruments_and_Appliances/Hammer/Natural/hammer_18.png","https://tactileeval.s3.us-east-1.amazonaws.com/family_datasets/Tools_Instruments_and_Appliances/Hammer/Tactile/18.jpg","","Hammer","https://tactileeval.s3.us-east-1.amazonaws.com/family_datasets/Tools_Instruments_and_Appliances/Hammer/Natural/hammer_19.jpg","https://tactileeval.s3.us-east-1.amazonaws.com/family_datasets/Tools_Instruments_and_Appliances/Hammer/Tactile/19.jpg","","Iron","https://tactileeval.s3.us-east-1.amazonaws.com/family_datasets/Tools_Instruments_and_Appliances/Iron/Natural/1.png","https://tactileeval.s3.us-east-1.amazonaws.com/family_datasets/Tools_Instruments_and_Appliances/Iron/Tactile/1.jpeg","","[{""question1"":{""orientation_match"":true,""view_frontal"":true,""view_perspective"":false,""view_side"":false,""view_top"":false},""question10"":{""orientation_match"":true,""view_frontal"":false,""view_perspective"":true,""view_side"":false,""view_top"":false},""question2"":{""orientation_match"":true,""view_frontal"":false,""view_perspective"":false,""view_side"":true,""view_top"":false},""question3"":{""orientation_match"":true,""view_frontal"":false,""view_perspective"":false,""view_side"":false,""view_top"":false},""question4"":{""orientation_match"":true,""view_frontal"":true,""view_perspective"":false,""view_side"":false,""view_top"":false},""question5"":{""orientation_match"":true,""view_frontal"":false,""view_perspective"":false,""view_side"":true,""view_top"":false},""question6"":{""orientation_match"":true,""view_frontal"":false,""view_perspective"":false,""view_side"":false,""view_top"":true},""question7"":{""orientation_match"":true,""view_frontal"":false,""view_perspective"":false,""view_side"":false,""view_top"":true},""question8"":{""orientation_match"":true,""view_frontal"":false,""view_perspective"":false,""view_side"":true,""view_top"":false},""question9"":{""orientation_match"":true,""view_frontal"":false,""view_perspective"":true,""view_side"":false,""view_top"":false}}]"
"3XEIP58NMS1CXV65MNJIXZ49BJMLZN","3BHRGUFAI0A6J7Y48A1RI398KZKSCH","Categorize images based on view.","Review 10 line-arts and judge if it has same or different views. Identify view for each tactile. (10 pairs)","tactile, image review, accessibility, tools, instruments and appliances","$0.08","Sat Apr 18 18:48:15 PDT 2026","9","BatchId:5385948;OriginalHitTemplateId:928390873;","1800","1296000","Sat Apr 25 18:48:15 PDT 2026","","","39K0FND3BATXOPEB099Z43OI678AMF","A312G4F6TIKFFQ","Rejected","Sat Apr 18 20:52:54 PDT 2026","Sat Apr 18 20:53:33 PDT 2026","Sun May 03 20:53:33 PDT 2026","","Sun Apr 19 07:41:35 PDT 2026","Thank you for your time. Unfortunately this submission did not pass the embedded gold-standard checks; this task requires very careful attention to detail.","39","70% (26/37)","35% (6/17)","35% (6/17)","Hammer","https://tactileeval.s3.us-east-1.amazonaws.com/family_datasets/Tools_Instruments_and_Appliances/Hammer/Natural/hammer_11.png","https://tactileeval.s3.us-east-1.amazonaws.com/family_datasets/Tools_Instruments_and_Appliances/Hammer/Tactile/11.jpg","","Hammer","https://tactileeval.s3.us-east-1.amazonaws.com/family_datasets/Tools_Instruments_and_Appliances/Hammer/Natural/hammer_12.png","https://tactileeval.s3.us-east-1.amazonaws.com/family_datasets/Tools_Instruments_and_Appliances/Hammer/Tactile/12.jpg","","Hammer","https://tactileeval.s3.us-east-1.amazonaws.com/family_datasets/Tools_Instruments_and_Appliances/Hammer/Natural/hammer_13.png","https://tactileeval.s3.us-east-1.amazonaws.com/family_datasets/Tools_Instruments_and_Appliances/Hammer/Tactile/13.jpg","","Hammer","https://tactileeval.s3.us-east-1.amazonaws.com/family_datasets/Tools_Instruments_and_Appliances/Hammer/Natural/hammer_14.png","https://tactileeval.s3.us-east-1.amazonaws.com/family_datasets/Tools_Instruments_and_Appliances/Hammer/Tactile/14.jpg","","Hammer","https://tactileeval.s3.us-east-1.amazonaws.com/family_datasets/Tools_Instruments_and_Appliances/Hammer/Natural/hammer_15.png","https://tactileeval.s3.us-east-1.amazonaws.com/family_datasets/Tools_Instruments_and_Appliances/Hammer/Tactile/15.jpg","","Hammer","https://tactileeval.s3.us-east-1.amazonaws.com/family_datasets/Tools_Instruments_and_Appliances/Hammer/Natural/hammer_16.png","https://tactileeval.s3.us-east-1.amazonaws.com/family_datasets/Tools_Instruments_and_Appliances/Hammer/Tactile/16.jpg","","Hammer","https://tactileeval.s3.us-east-1.amazonaws.com/family_datasets/Tools_Instruments_and_Appliances/Hammer/Natural/hammer_17.png","https://tactileeval.s3.us-east-1.amazonaws.com/family_datasets/Tools_Instruments_and_Appliances/Hammer/Tactile/17.jpg","","Hammer","https://tactileeval.s3.us-east-1.amazonaws.com/family_datasets/Tools_Instruments_and_Appliances/Hammer/Natural/hammer_18.png","https://tactileeval.s3.us-east-1.amazonaws.com/family_datasets/Tools_Instruments_and_Appliances/Hammer/Tactile/18.jpg","","Hammer","https://tactileeval.s3.us-east-1.amazonaws.com/family_datasets/Tools_Instruments_and_Appliances/Hammer/Natural/hammer_19.jpg","https://tactileeval.s3.us-east-1.amazonaws.com/family_datasets/Tools_Instruments_and_Appliances/Hammer/Tactile/19.jpg","","Iron","https://tactileeval.s3.us-east-1.amazonaws.com/family_datasets/Tools_Instruments_and_Appliances/Iron/Natural/1.png","https://tactileeval.s3.us-east-1.amazonaws.com/family_datasets/Tools_Instruments_and_Appliances/Iron/Tactile/1.jpeg","","[{""question1"":{""orientation_match"":true,""view_frontal"":true,""view_perspective"":false,""view_side"":false,""view_top"":false},""question10"":{""orientation_match"":true,""view_frontal"":true,""view_perspective"":false,""view_side"":false,""view_top"":false},""question2"":{""orientation_match"":true,""view_frontal"":true,""view_perspective"":false,""view_side"":false,""view_top"":false},""question3"":{""orientation_match"":true,""view_frontal"":true,""view_perspective"":false,""view_side"":false,""view_top"":false},""question4"":{""orientation_match"":true,""view_frontal"":true,""view_perspective"":false,""view_side"":false,""view_top"":false},""question5"":{""orientation_match"":true,""view_frontal"":false,""view_perspective"":true,""view_side"":false,""view_top"":false},""question6"":{""orientation_match"":true,""view_frontal"":false,""view_perspective"":true,""view_side"":false,""view_top"":false},""question7"":{""orientation_match"":true,""view_frontal"":false,""view_perspective"":false,""view_side"":false,""view_top"":true},""question8"":{""orientation_match"":true,""view_frontal"":false,""view_perspective"":false,""view_side"":false,""view_top"":true},""question9"":{""orientation_match"":false,""view_frontal"":true,""view_perspective"":false,""view_side"":false,""view_top"":false}}]"
"3XEIP58NMS1CXV65MNJIXZ49BJMLZN","3BHRGUFAI0A6J7Y48A1RI398KZKSCH","Categorize images based on view.","Review 10 line-arts and judge if it has same or different views. Identify view for each tactile. (10 pairs)","tactile, image review, accessibility, tools, instruments and appliances","$0.08","Sat Apr 18 18:48:15 PDT 2026","9","BatchId:5385948;OriginalHitTemplateId:928390873;","1800","1296000","Sat Apr 25 18:48:15 PDT 2026","","","3R6P78PK8DP2BBHYV62LM3UDYAHGTY","A1RQST9UG72B9D","Rejected","Sat Apr 18 21:01:48 PDT 2026","Sat Apr 18 21:03:55 PDT 2026","Sun May 03 21:03:55 PDT 2026","","Sun Apr 19 07:41:35 PDT 2026","Thank you for your time. Unfortunately this submission did not pass the embedded gold-standard checks; this task requires very careful attention to detail.","127","69% (11/16)","69% (11/16)","69% (11/16)","Hammer","https://tactileeval.s3.us-east-1.amazonaws.com/family_datasets/Tools_Instruments_and_Appliances/Hammer/Natural/hammer_11.png","https://tactileeval.s3.us-east-1.amazonaws.com/family_datasets/Tools_Instruments_and_Appliances/Hammer/Tactile/11.jpg","","Hammer","https://tactileeval.s3.us-east-1.amazonaws.com/family_datasets/Tools_Instruments_and_Appliances/Hammer/Natural/hammer_12.png","https://tactileeval.s3.us-east-1.amazonaws.com/family_datasets/Tools_Instruments_and_Appliances/Hammer/Tactile/12.jpg","","Hammer","https://tactileeval.s3.us-east-1.amazonaws.com/family_datasets/Tools_Instruments_and_Appliances/Hammer/Natural/hammer_13.png","https://tactileeval.s3.us-east-1.amazonaws.com/family_datasets/Tools_Instruments_and_Appliances/Hammer/Tactile/13.jpg","","Hammer","https://tactileeval.s3.us-east-1.amazonaws.com/family_datasets/Tools_Instruments_and_Appliances/Hammer/Natural/hammer_14.png","https://tactileeval.s3.us-east-1.amazonaws.com/family_datasets/Tools_Instruments_and_Appliances/Hammer/Tactile/14.jpg","","Hammer","https://tactileeval.s3.us-east-1.amazonaws.com/family_datasets/Tools_Instruments_and_Appliances/Hammer/Natural/hammer_15.png","https://tactileeval.s3.us-east-1.amazonaws.com/family_datasets/Tools_Instruments_and_Appliances/Hammer/Tactile/15.jpg","","Hammer","https://tactileeval.s3.us-east-1.amazonaws.com/family_datasets/Tools_Instruments_and_Appliances/Hammer/Natural/hammer_16.png","https://tactileeval.s3.us-east-1.amazonaws.com/family_datasets/Tools_Instruments_and_Appliances/Hammer/Tactile/16.jpg","","Hammer","https://tactileeval.s3.us-east-1.amazonaws.com/family_datasets/Tools_Instruments_and_Appliances/Hammer/Natural/hammer_17.png","https://tactileeval.s3.us-east-1.amazonaws.com/family_datasets/Tools_Instruments_and_Appliances/Hammer/Tactile/17.jpg","","Hammer","https://tactileeval.s3.us-east-1.amazonaws.com/family_datasets/Tools_Instruments_and_Appliances/Hammer/Natural/hammer_18.png","https://tactileeval.s3.us-east-1.amazonaws.com/family_datasets/Tools_Instruments_and_Appliances/Hammer/Tactile/18.jpg","","Hammer","https://tactileeval.s3.us-east-1.amazonaws.com/family_datasets/Tools_Instruments_and_Appliances/Hammer/Natural/hammer_19.jpg","https://tactileeval.s3.us-east-1.amazonaws.com/family_datasets/Tools_Instruments_and_Appliances/Hammer/Tactile/19.jpg","","Iron","https://tactileeval.s3.us-east-1.amazonaws.com/family_datasets/Tools_Instruments_and_Appliances/Iron/Natural/1.png","https://tactileeval.s3.us-east-1.amazonaws.com/family_datasets/Tools_Instruments_and_Appliances/Iron/Tactile/1.jpeg","","[{""question1"":{""orientation_match"":true,""view_frontal"":false,""view_perspective"":false,""view_side"":true,""view_top"":false},""question10"":{""orientation_match"":true,""view_frontal"":false,""view_perspective"":false,""view_side"":true,""view_top"":false},""question2"":{""orientation_match"":true,""view_frontal"":false,""view_perspective"":false,""view_side"":true,""view_top"":false},""question3"":{""orientation_match"":false,""view_frontal"":false,""view_perspective"":false,""view_side"":true,""view_top"":false},""question4"":{""orientation_match"":true,""view_frontal"":false,""view_perspective"":false,""view_side"":true,""view_top"":false},""question5"":{""orientation_match"":false,""view_frontal"":false,""view_perspective"":false,""view_side"":true,""view_top"":false},""question6"":{""orientation_match"":true,""view_frontal"":false,""view_perspective"":true,""view_side"":false,""view_top"":false},""question7"":{""orientation_match"":false,""view_frontal"":false,""view_perspective"":false,""view_side"":true,""view_top"":false},""question8"":{""orientation_match"":false,""view_frontal"":false,""view_perspective"":false,""view_side"":true,""view_top"":false},""question9"":{""orientation_match"":false,""view_frontal"":false,""view_perspective"":false,""view_side"":true,""view_top"":false}}]"
"3XEIP58NMS1CXV65MNJIXZ49BJMLZN","3BHRGUFAI0A6J7Y48A1RI398KZKSCH","Categorize images based on view.","Review 10 line-arts and judge if it has same or different views. Identify view for each tactile. (10 pairs)","tactile, image review, accessibility, tools, instruments and appliances","$0.08","Sat Apr 18 18:48:15 PDT 2026","9","BatchId:5385948;OriginalHitTemplateId:928390873;","1800","1296000","Sat Apr 25 18:48:15 PDT 2026","","","3RXCAC0YJK3JDRPAS8RQV7YQKX0G8D","AJZHPDCKUVRM8","Rejected","Sat Apr 18 22:12:23 PDT 2026","Sat Apr 18 22:13:11 PDT 2026","Sun May 03 22:13:11 PDT 2026","","Sun Apr 19 07:41:35 PDT 2026","Thank you for your time. Unfortunately this submission did not pass the embedded gold-standard checks; this task requires very careful attention to detail.","48","86% (68/79)","86% (68/79)","86% (68/79)","Hammer","https://tactileeval.s3.us-east-1.amazonaws.com/family_datasets/Tools_Instruments_and_Appliances/Hammer/Natural/hammer_11.png","https://tactileeval.s3.us-east-1.amazonaws.com/family_datasets/Tools_Instruments_and_Appliances/Hammer/Tactile/11.jpg","","Hammer","https://tactileeval.s3.us-east-1.amazonaws.com/family_datasets/Tools_Instruments_and_Appliances/Hammer/Natural/hammer_12.png","https://tactileeval.s3.us-east-1.amazonaws.com/family_datasets/Tools_Instruments_and_Appliances/Hammer/Tactile/12.jpg","","Hammer","https://tactileeval.s3.us-east-1.amazonaws.com/family_datasets/Tools_Instruments_and_Appliances/Hammer/Natural/hammer_13.png","https://tactileeval.s3.us-east-1.amazonaws.com/family_datasets/Tools_Instruments_and_Appliances/Hammer/Tactile/13.jpg","","Hammer","https://tactileeval.s3.us-east-1.amazonaws.com/family_datasets/Tools_Instruments_and_Appliances/Hammer/Natural/hammer_14.png","https://tactileeval.s3.us-east-1.amazonaws.com/family_datasets/Tools_Instruments_and_Appliances/Hammer/Tactile/14.jpg","","Hammer","https://tactileeval.s3.us-east-1.amazonaws.com/family_datasets/Tools_Instruments_and_Appliances/Hammer/Natural/hammer_15.png","https://tactileeval.s3.us-east-1.amazonaws.com/family_datasets/Tools_Instruments_and_Appliances/Hammer/Tactile/15.jpg","","Hammer","https://tactileeval.s3.us-east-1.amazonaws.com/family_datasets/Tools_Instruments_and_Appliances/Hammer/Natural/hammer_16.png","https://tactileeval.s3.us-east-1.amazonaws.com/family_datasets/Tools_Instruments_and_Appliances/Hammer/Tactile/16.jpg","","Hammer","https://tactileeval.s3.us-east-1.amazonaws.com/family_datasets/Tools_Instruments_and_Appliances/Hammer/Natural/hammer_17.png","https://tactileeval.s3.us-east-1.amazonaws.com/family_datasets/Tools_Instruments_and_Appliances/Hammer/Tactile/17.jpg","","Hammer","https://tactileeval.s3.us-east-1.amazonaws.com/family_datasets/Tools_Instruments_and_Appliances/Hammer/Natural/hammer_18.png","https://tactileeval.s3.us-east-1.amazonaws.com/family_datasets/Tools_Instruments_and_Appliances/Hammer/Tactile/18.jpg","","Hammer","https://tactileeval.s3.us-east-1.amazonaws.com/family_datasets/Tools_Instruments_and_Appliances/Hammer/Natural/hammer_19.jpg","https://tactileeval.s3.us-east-1.amazonaws.com/family_datasets/Tools_Instruments_and_Appliances/Hammer/Tactile/19.jpg","","Iron","https://tactileeval.s3.us-east-1.amazonaws.com/family_datasets/Tools_Instruments_and_Appliances/Iron/Natural/1.png","https://tactileeval.s3.us-east-1.amazonaws.com/family_datasets/Tools_Instruments_and_Appliances/Iron/Tactile/1.jpeg","","[{""question1"":{""orientation_match"":true,""view_frontal"":false,""view_perspective"":false,""view_side"":true,""view_top"":false},""question10"":{""orientation_match"":true,""view_frontal"":false,""view_perspective"":false,""view_side"":true,""view_top"":false},""question2"":{""orientation_match"":true,""view_frontal"":false,""view_perspective"":false,""view_side"":true,""view_top"":false},""question3"":{""orientation_match"":true,""view_frontal"":false,""view_perspective"":false,""view_side"":true,""view_top"":false},""question4"":{""orientation_match"":true,""view_frontal"":false,""view_perspective"":false,""view_side"":true,""view_top"":false},""question5"":{""orientation_match"":true,""view_frontal"":false,""view_perspective"":true,""view_side"":false,""view_top"":false},""question6"":{""orientation_match"":true,""view_frontal"":false,""view_perspective"":true,""view_side"":false,""view_top"":false},""question7"":{""orientation_match"":true,""view_frontal"":false,""view_perspective"":true,""view_side"":false,""view_top"":false},""question8"":{""orientation_match"":true,""view_frontal"":false,""view_perspective"":true,""view_side"":false,""view_top"":false},""question9"":{""orientation_match"":false,""view_frontal"":false,""view_perspective"":false,""view_side"":true,""view_top"":false}}]"
"3XEIP58NMS1CXV65MNJIXZ49BJMLZN","3BHRGUFAI0A6J7Y48A1RI398KZKSCH","Categorize images based on view.","Review 10 line-arts and judge if it has same or different views. Identify view for each tactile. (10 pairs)","tactile, image review, accessibility, tools, instruments and appliances","$0.08","Sat Apr 18 18:48:15 PDT 2026","9","BatchId:5385948;OriginalHitTemplateId:928390873;","1800","1296000","Sat Apr 25 18:48:15 PDT 2026","","","3Z4XG4ZF515UZDK0HIRUJTYLNNW8XX","A2S834OHCORO1W","Rejected","Sat Apr 18 22:11:19 PDT 2026","Sat Apr 18 22:23:50 PDT 2026","Sun May 03 22:23:50 PDT 2026","","Sun Apr 19 07:41:35 PDT 2026","Thank you for your time. Unfortunately this submission did not pass the embedded gold-standard checks; this task requires very careful attention to detail.","751","44% (4/9)","17% (1/6)","17% (1/6)","Hammer","https://tactileeval.s3.us-east-1.amazonaws.com/family_datasets/Tools_Instruments_and_Appliances/Hammer/Natural/hammer_11.png","https://tactileeval.s3.us-east-1.amazonaws.com/family_datasets/Tools_Instruments_and_Appliances/Hammer/Tactile/11.jpg","","Hammer","https://tactileeval.s3.us-east-1.amazonaws.com/family_datasets/Tools_Instruments_and_Appliances/Hammer/Natural/hammer_12.png","https://tactileeval.s3.us-east-1.amazonaws.com/family_datasets/Tools_Instruments_and_Appliances/Hammer/Tactile/12.jpg","","Hammer","https://tactileeval.s3.us-east-1.amazonaws.com/family_datasets/Tools_Instruments_and_Appliances/Hammer/Natural/hammer_13.png","https://tactileeval.s3.us-east-1.amazonaws.com/family_datasets/Tools_Instruments_and_Appliances/Hammer/Tactile/13.jpg","","Hammer","https://tactileeval.s3.us-east-1.amazonaws.com/family_datasets/Tools_Instruments_and_Appliances/Hammer/Natural/hammer_14.png","https://tactileeval.s3.us-east-1.amazonaws.com/family_datasets/Tools_Instruments_and_Appliances/Hammer/Tactile/14.jpg","","Hammer","https://tactileeval.s3.us-east-1.amazonaws.com/family_datasets/Tools_Instruments_and_Appliances/Hammer/Natural/hammer_15.png","https://tactileeval.s3.us-east-1.amazonaws.com/family_datasets/Tools_Instruments_and_Appliances/Hammer/Tactile/15.jpg","","Hammer","https://tactileeval.s3.us-east-1.amazonaws.com/family_datasets/Tools_Instruments_and_Appliances/Hammer/Natural/hammer_16.png","https://tactileeval.s3.us-east-1.amazonaws.com/family_datasets/Tools_Instruments_and_Appliances/Hammer/Tactile/16.jpg","","Hammer","https://tactileeval.s3.us-east-1.amazonaws.com/family_datasets/Tools_Instruments_and_Appliances/Hammer/Natural/hammer_17.png","https://tactileeval.s3.us-east-1.amazonaws.com/family_datasets/Tools_Instruments_and_Appliances/Hammer/Tactile/17.jpg","","Hammer","https://tactileeval.s3.us-east-1.amazonaws.com/family_datasets/Tools_Instruments_and_Appliances/Hammer/Natural/hammer_18.png","https://tactileeval.s3.us-east-1.amazonaws.com/family_datasets/Tools_Instruments_and_Appliances/Hammer/Tactile/18.jpg","","Hammer","https://tactileeval.s3.us-east-1.amazonaws.com/family_datasets/Tools_Instruments_and_Appliances/Hammer/Natural/hammer_19.jpg","https://tactileeval.s3.us-east-1.amazonaws.com/family_datasets/Tools_Instruments_and_Appliances/Hammer/Tactile/19.jpg","","Iron","https://tactileeval.s3.us-east-1.amazonaws.com/family_datasets/Tools_Instruments_and_Appliances/Iron/Natural/1.png","https://tactileeval.s3.us-east-1.amazonaws.com/family_datasets/Tools_Instruments_and_Appliances/Iron/Tactile/1.jpeg","","[{""question1"":{""orientation_match"":true,""view_frontal"":false,""view_perspective"":false,""view_side"":true,""view_top"":false},""question10"":{""orientation_match"":false,""view_frontal"":false,""view_perspective"":false,""view_side"":true,""view_top"":false},""question2"":{""orientation_match"":true,""view_frontal"":false,""view_perspective"":false,""view_side"":true,""view_top"":false},""question3"":{""orientation_match"":true,""view_frontal"":false,""view_perspective"":false,""view_side"":true,""view_top"":false},""question4"":{""orientation_match"":true,""view_frontal"":false,""view_perspective"":false,""view_side"":true,""view_top"":false},""question5"":{""orientation_match"":true,""view_frontal"":false,""view_perspective"":true,""view_side"":false,""view_top"":false},""question6"":{""orientation_match"":true,""view_frontal"":false,""view_perspective"":true,""view_side"":false,""view_top"":false},""question7"":{""orientation_match"":true,""view_frontal"":false,""view_perspective"":true,""view_side"":false,""view_top"":false},""question8"":{""orientation_match"":true,""view_frontal"":false,""view_perspective"":true,""view_side"":false,""view_top"":false},""question9"":{""orientation_match"":true,""view_frontal"":false,""view_perspective"":false,""view_side"":true,""view_top"":false}}]"
"3XEIP58NMS1CXV65MNJIXZ49BJMLZN","3BHRGUFAI0A6J7Y48A1RI398KZKSCH","Categorize images based on view.","Review 10 line-arts and judge if it has same or different views. Identify view for each tactile. (10 pairs)","tactile, image review, accessibility, tools, instruments and appliances","$0.08","Sat Apr 18 18:48:15 PDT 2026","9","BatchId:5385948;OriginalHitTemplateId:928390873;","1800","1296000","Sat Apr 25 18:48:15 PDT 2026","","","3QHK8ZVMJFWI1H1I6B8GZ1TZOK7LBN","A2UZP2FRACKPK1","Rejected","Sat Apr 18 22:12:12 PDT 2026","Sat Apr 18 22:28:50 PDT 2026","Sun May 03 22:28:50 PDT 2026","","Sun Apr 19 07:41:35 PDT 2026","Thank you for your time. Unfortunately this submission did not pass the embedded gold-standard checks; this task requires very careful attention to detail.","998","56% (5/9)","56% (5/9)","56% (5/9)","Hammer","https://tactileeval.s3.us-east-1.amazonaws.com/family_datasets/Tools_Instruments_and_Appliances/Hammer/Natural/hammer_11.png","https://tactileeval.s3.us-east-1.amazonaws.com/family_datasets/Tools_Instruments_and_Appliances/Hammer/Tactile/11.jpg","","Hammer","https://tactileeval.s3.us-east-1.amazonaws.com/family_datasets/Tools_Instruments_and_Appliances/Hammer/Natural/hammer_12.png","https://tactileeval.s3.us-east-1.amazonaws.com/family_datasets/Tools_Instruments_and_Appliances/Hammer/Tactile/12.jpg","","Hammer","https://tactileeval.s3.us-east-1.amazonaws.com/family_datasets/Tools_Instruments_and_Appliances/Hammer/Natural/hammer_13.png","https://tactileeval.s3.us-east-1.amazonaws.com/family_datasets/Tools_Instruments_and_Appliances/Hammer/Tactile/13.jpg","","Hammer","https://tactileeval.s3.us-east-1.amazonaws.com/family_datasets/Tools_Instruments_and_Appliances/Hammer/Natural/hammer_14.png","https://tactileeval.s3.us-east-1.amazonaws.com/family_datasets/Tools_Instruments_and_Appliances/Hammer/Tactile/14.jpg","","Hammer","https://tactileeval.s3.us-east-1.amazonaws.com/family_datasets/Tools_Instruments_and_Appliances/Hammer/Natural/hammer_15.png","https://tactileeval.s3.us-east-1.amazonaws.com/family_datasets/Tools_Instruments_and_Appliances/Hammer/Tactile/15.jpg","","Hammer","https://tactileeval.s3.us-east-1.amazonaws.com/family_datasets/Tools_Instruments_and_Appliances/Hammer/Natural/hammer_16.png","https://tactileeval.s3.us-east-1.amazonaws.com/family_datasets/Tools_Instruments_and_Appliances/Hammer/Tactile/16.jpg","","Hammer","https://tactileeval.s3.us-east-1.amazonaws.com/family_datasets/Tools_Instruments_and_Appliances/Hammer/Natural/hammer_17.png","https://tactileeval.s3.us-east-1.amazonaws.com/family_datasets/Tools_Instruments_and_Appliances/Hammer/Tactile/17.jpg","","Hammer","https://tactileeval.s3.us-east-1.amazonaws.com/family_datasets/Tools_Instruments_and_Appliances/Hammer/Natural/hammer_18.png","https://tactileeval.s3.us-east-1.amazonaws.com/family_datasets/Tools_Instruments_and_Appliances/Hammer/Tactile/18.jpg","","Hammer","https://tactileeval.s3.us-east-1.amazonaws.com/family_datasets/Tools_Instruments_and_Appliances/Hammer/Natural/hammer_19.jpg","https://tactileeval.s3.us-east-1.amazonaws.com/family_datasets/Tools_Instruments_and_Appliances/Hammer/Tactile/19.jpg","","Iron","https://tactileeval.s3.us-east-1.amazonaws.com/family_datasets/Tools_Instruments_and_Appliances/Iron/Natural/1.png","https://tactileeval.s3.us-east-1.amazonaws.com/family_datasets/Tools_Instruments_and_Appliances/Iron/Tactile/1.jpeg","","[{""question1"":{""orientation_match"":true,""view_frontal"":true,""view_perspective"":false,""view_side"":false,""view_top"":false},""question10"":{""orientation_match"":true,""view_frontal"":false,""view_perspective"":false,""view_side"":true,""view_top"":false},""question2"":{""orientation_match"":true,""view_frontal"":true,""view_perspective"":false,""view_side"":false,""view_top"":false},""question3"":{""orientation_match"":true,""view_frontal"":true,""view_perspective"":false,""view_side"":false,""view_top"":false},""question4"":{""orientation_match"":true,""view_frontal"":true,""view_perspective"":false,""view_side"":false,""view_top"":false},""question5"":{""orientation_match"":true,""view_frontal"":false,""view_perspective"":false,""view_side"":true,""view_top"":false},""question6"":{""orientation_match"":true,""view_frontal"":false,""view_perspective"":false,""view_side"":true,""view_top"":false},""question7"":{""orientation_match"":true,""view_frontal"":false,""view_perspective"":false,""view_side"":true,""view_top"":false},""question8"":{""orientation_match"":true,""view_frontal"":false,""view_perspective"":false,""view_side"":true,""view_top"":false},""question9"":{""orientation_match"":true,""view_frontal"":true,""view_perspective"":false,""view_side"":false,""view_top"":false}}]"
"3XEIP58NMS1CXV65MNJIXZ49BJMLZN","3BHRGUFAI0A6J7Y48A1RI398KZKSCH","Categorize images based on view.","Review 10 line-arts and judge if it has same or different views. Identify view for each tactile. (10 pairs)","tactile, image review, accessibility, tools, instruments and appliances","$0.08","Sat Apr 18 18:48:15 PDT 2026","9","BatchId:5385948;OriginalHitTemplateId:928390873;","1800","1296000","Sat Apr 25 18:48:15 PDT 2026","","","3S4AW7T814WYGIG9RWYTRNNTET9L42","AZTAPCOD2Y512","Rejected","Sun Apr 19 07:55:03 PDT 2026","Sun Apr 19 08:06:54 PDT 2026","Mon May 04 08:06:54 PDT 2026","","Sun Apr 19 09:04:03 PDT 2026","Thank you for your time. Unfortunately this submission did not pass the embedded gold-standard checks; this task requires very careful attention to detail.","711","0% (0/4)","0% (0/4)","0% (0/4)","Hammer","https://tactileeval.s3.us-east-1.amazonaws.com/family_datasets/Tools_Instruments_and_Appliances/Hammer/Natural/hammer_11.png","https://tactileeval.s3.us-east-1.amazonaws.com/family_datasets/Tools_Instruments_and_Appliances/Hammer/Tactile/11.jpg","","Hammer","https://tactileeval.s3.us-east-1.amazonaws.com/family_datasets/Tools_Instruments_and_Appliances/Hammer/Natural/hammer_12.png","https://tactileeval.s3.us-east-1.amazonaws.com/family_datasets/Tools_Instruments_and_Appliances/Hammer/Tactile/12.jpg","","Hammer","https://tactileeval.s3.us-east-1.amazonaws.com/family_datasets/Tools_Instruments_and_Appliances/Hammer/Natural/hammer_13.png","https://tactileeval.s3.us-east-1.amazonaws.com/family_datasets/Tools_Instruments_and_Appliances/Hammer/Tactile/13.jpg","","Hammer","https://tactileeval.s3.us-east-1.amazonaws.com/family_datasets/Tools_Instruments_and_Appliances/Hammer/Natural/hammer_14.png","https://tactileeval.s3.us-east-1.amazonaws.com/family_datasets/Tools_Instruments_and_Appliances/Hammer/Tactile/14.jpg","","Hammer","https://tactileeval.s3.us-east-1.amazonaws.com/family_datasets/Tools_Instruments_and_Appliances/Hammer/Natural/hammer_15.png","https://tactileeval.s3.us-east-1.amazonaws.com/family_datasets/Tools_Instruments_and_Appliances/Hammer/Tactile/15.jpg","","Hammer","https://tactileeval.s3.us-east-1.amazonaws.com/family_datasets/Tools_Instruments_and_Appliances/Hammer/Natural/hammer_16.png","https://tactileeval.s3.us-east-1.amazonaws.com/family_datasets/Tools_Instruments_and_Appliances/Hammer/Tactile/16.jpg","","Hammer","https://tactileeval.s3.us-east-1.amazonaws.com/family_datasets/Tools_Instruments_and_Appliances/Hammer/Natural/hammer_17.png","https://tactileeval.s3.us-east-1.amazonaws.com/family_datasets/Tools_Instruments_and_Appliances/Hammer/Tactile/17.jpg","","Hammer","https://tactileeval.s3.us-east-1.amazonaws.com/family_datasets/Tools_Instruments_and_Appliances/Hammer/Natural/hammer_18.png","https://tactileeval.s3.us-east-1.amazonaws.com/family_datasets/Tools_Instruments_and_Appliances/Hammer/Tactile/18.jpg","","Hammer","https://tactileeval.s3.us-east-1.amazonaws.com/family_datasets/Tools_Instruments_and_Appliances/Hammer/Natural/hammer_19.jpg","https://tactileeval.s3.us-east-1.amazonaws.com/family_datasets/Tools_Instruments_and_Appliances/Hammer/Tactile/19.jpg","","Iron","https://tactileeval.s3.us-east-1.amazonaws.com/family_datasets/Tools_Instruments_and_Appliances/Iron/Natural/1.png","https://tactileeval.s3.us-east-1.amazonaws.com/family_datasets/Tools_Instruments_and_Appliances/Iron/Tactile/1.jpeg","","[{""question1"":{""orientation_match"":true,""view_frontal"":true,""view_perspective"":false,""view_side"":false,""view_top"":false},""question10"":{""orientation_match"":true,""view_frontal"":true,""view_perspective"":false,""view_side"":false,""view_top"":false},""question2"":{""orientation_match"":true,""view_frontal"":false,""view_perspective"":false,""view_side"":true,""view_top"":false},""question3"":{""orientation_match"":true,""view_frontal"":true,""view_perspective"":false,""view_side"":false,""view_top"":false},""question4"":{""orientation_match"":true,""view_frontal"":false,""view_perspective"":false,""view_side"":true,""view_top"":false},""question5"":{""orientation_match"":true,""view_frontal"":true,""view_perspective"":false,""view_side"":false,""view_top"":false},""question6"":{""orientation_match"":true,""view_frontal"":false,""view_perspective"":false,""view_side"":true,""view_top"":false},""question7"":{""orientation_match"":true,""view_frontal"":true,""view_perspective"":false,""view_side"":false,""view_top"":false},""question8"":{""orientation_match"":true,""view_frontal"":true,""view_perspective"":false,""view_side"":false,""view_top"":false},""question9"":{""orientation_match"":true,""view_frontal"":false,""view_perspective"":false,""view_side"":true,""view_top"":false}}]"
"3XEIP58NMS1CXV65MNJIXZ49BJMLZN","3BHRGUFAI0A6J7Y48A1RI398KZKSCH","Categorize images based on view.","Review 10 line-arts and judge if it has same or different views. Identify view for each tactile. (10 pairs)","tactile, image review, accessibility, tools, instruments and appliances","$0.08","Sat Apr 18 18:48:15 PDT 2026","9","BatchId:5385948;OriginalHitTemplateId:928390873;","1800","1296000","Sat Apr 25 18:48:15 PDT 2026","","","36AHBNMV2KQVGD613MOCOZJV0L6DYZ","A1QO9CJ6KFDWQJ","Rejected","Sun Apr 19 08:25:29 PDT 2026","Sun Apr 19 08:50:32 PDT 2026","Mon May 04 08:50:32 PDT 2026","","Sun Apr 19 09:04:03 PDT 2026","Thank you for your time. Unfortunately this submission did not pass the embedded gold-standard checks; this task requires very careful attention to detail.","1503","0% (0/3)","0% (0/3)","0% (0/3)","Hammer","https://tactileeval.s3.us-east-1.amazonaws.com/family_datasets/Tools_Instruments_and_Appliances/Hammer/Natural/hammer_11.png","https://tactileeval.s3.us-east-1.amazonaws.com/family_datasets/Tools_Instruments_and_Appliances/Hammer/Tactile/11.jpg","","Hammer","https://tactileeval.s3.us-east-1.amazonaws.com/family_datasets/Tools_Instruments_and_Appliances/Hammer/Natural/hammer_12.png","https://tactileeval.s3.us-east-1.amazonaws.com/family_datasets/Tools_Instruments_and_Appliances/Hammer/Tactile/12.jpg","","Hammer","https://tactileeval.s3.us-east-1.amazonaws.com/family_datasets/Tools_Instruments_and_Appliances/Hammer/Natural/hammer_13.png","https://tactileeval.s3.us-east-1.amazonaws.com/family_datasets/Tools_Instruments_and_Appliances/Hammer/Tactile/13.jpg","","Hammer","https://tactileeval.s3.us-east-1.amazonaws.com/family_datasets/Tools_Instruments_and_Appliances/Hammer/Natural/hammer_14.png","https://tactileeval.s3.us-east-1.amazonaws.com/family_datasets/Tools_Instruments_and_Appliances/Hammer/Tactile/14.jpg","","Hammer","https://tactileeval.s3.us-east-1.amazonaws.com/family_datasets/Tools_Instruments_and_Appliances/Hammer/Natural/hammer_15.png","https://tactileeval.s3.us-east-1.amazonaws.com/family_datasets/Tools_Instruments_and_Appliances/Hammer/Tactile/15.jpg","","Hammer","https://tactileeval.s3.us-east-1.amazonaws.com/family_datasets/Tools_Instruments_and_Appliances/Hammer/Natural/hammer_16.png","https://tactileeval.s3.us-east-1.amazonaws.com/family_datasets/Tools_Instruments_and_Appliances/Hammer/Tactile/16.jpg","","Hammer","https://tactileeval.s3.us-east-1.amazonaws.com/family_datasets/Tools_Instruments_and_Appliances/Hammer/Natural/hammer_17.png","https://tactileeval.s3.us-east-1.amazonaws.com/family_datasets/Tools_Instruments_and_Appliances/Hammer/Tactile/17.jpg","","Hammer","https://tactileeval.s3.us-east-1.amazonaws.com/family_datasets/Tools_Instruments_and_Appliances/Hammer/Natural/hammer_18.png","https://tactileeval.s3.us-east-1.amazonaws.com/family_datasets/Tools_Instruments_and_Appliances/Hammer/Tactile/18.jpg","","Hammer","https://tactileeval.s3.us-east-1.amazonaws.com/family_datasets/Tools_Instruments_and_Appliances/Hammer/Natural/hammer_19.jpg","https://tactileeval.s3.us-east-1.amazonaws.com/family_datasets/Tools_Instruments_and_Appliances/Hammer/Tactile/19.jpg","","Iron","https://tactileeval.s3.us-east-1.amazonaws.com/family_datasets/Tools_Instruments_and_Appliances/Iron/Natural/1.png","https://tactileeval.s3.us-east-1.amazonaws.com/family_datasets/Tools_Instruments_and_Appliances/Iron/Tactile/1.jpeg","","[{""question1"":{""orientation_match"":true,""view_frontal"":false,""view_perspective"":false,""view_side"":true,""view_top"":false},""question10"":{""orientation_match"":true,""view_frontal"":false,""view_perspective"":false,""view_side"":true,""view_top"":false},""question2"":{""orientation_match"":true,""view_frontal"":true,""view_perspective"":false,""view_side"":false,""view_top"":false},""question3"":{""orientation_match"":true,""view_frontal"":false,""view_perspective"":false,""view_side"":true,""view_top"":false},""question4"":{""orientation_match"":true,""view_frontal"":true,""view_perspective"":false,""view_side"":false,""view_top"":false},""question5"":{""orientation_match"":true,""view_frontal"":true,""view_perspective"":false,""view_side"":false,""view_top"":false},""question6"":{""orientation_match"":true,""view_frontal"":false,""view_perspective"":true,""view_side"":false,""view_top"":false},""question7"":{""orientation_match"":true,""view_frontal"":false,""view_perspective"":false,""view_side"":true,""view_top"":false},""question8"":{""orientation_match"":true,""view_frontal"":true,""view_perspective"":false,""view_side"":false,""view_top"":false},""question9"":{""orientation_match"":true,""view_frontal"":false,""view_perspective"":true,""view_side"":false,""view_top"":false}}]"
"3ZQX1VYFU5J5JK8FQPZXCWBZ7FL8ON","3BHRGUFAI0A6J7Y48A1RI398KZKSCH","Categorize images based on view.","Review 10 line-arts and judge if it has same or different views. Identify view for each tactile. (10 pairs)","tactile, image review, accessibility, tools, instruments and appliances","$0.08","Sat Apr 18 18:48:16 PDT 2026","7","BatchId:5385948;OriginalHitTemplateId:928390873;","1800","1296000","Sat Apr 25 18:48:16 PDT 2026","","","3WETL7AQXMMZWXUKZVD30TZQE28354","A33I0A28TLIR6J","Approved","Sat Apr 18 18:55:51 PDT 2026","Sat Apr 18 19:02:43 PDT 2026","Sun May 03 19:02:43 PDT 2026","Sun Apr 19 07:41:35 PDT 2026","","","412","75% (21/28)","30% (3/10)","30% (3/10)","Iron","https://tactileeval.s3.us-east-1.amazonaws.com/family_datasets/Tools_Instruments_and_Appliances/Iron/Natural/2.jpg","https://tactileeval.s3.us-east-1.amazonaws.com/family_datasets/Tools_Instruments_and_Appliances/Iron/Tactile/2.jpeg","","Iron","https://tactileeval.s3.us-east-1.amazonaws.com/family_datasets/Tools_Instruments_and_Appliances/Iron/Natural/3.jpg","https://tactileeval.s3.us-east-1.amazonaws.com/family_datasets/Tools_Instruments_and_Appliances/Iron/Tactile/3.jpeg","","Iron","https://tactileeval.s3.us-east-1.amazonaws.com/family_datasets/Tools_Instruments_and_Appliances/Iron/Natural/4.jpg","https://tactileeval.s3.us-east-1.amazonaws.com/family_datasets/Tools_Instruments_and_Appliances/Iron/Tactile/4.jpeg","","Iron","https://tactileeval.s3.us-east-1.amazonaws.com/family_datasets/Tools_Instruments_and_Appliances/Iron/Natural/5.jpg","https://tactileeval.s3.us-east-1.amazonaws.com/family_datasets/Tools_Instruments_and_Appliances/Iron/Tactile/5.jpeg","","Iron","https://tactileeval.s3.us-east-1.amazonaws.com/family_datasets/Tools_Instruments_and_Appliances/Iron/Natural/6.jpg","https://tactileeval.s3.us-east-1.amazonaws.com/family_datasets/Tools_Instruments_and_Appliances/Iron/Tactile/6.jpeg","","Iron","https://tactileeval.s3.us-east-1.amazonaws.com/family_datasets/Tools_Instruments_and_Appliances/Iron/Natural/7.jpg","https://tactileeval.s3.us-east-1.amazonaws.com/family_datasets/Tools_Instruments_and_Appliances/Iron/Tactile/7.jpeg","","Iron","https://tactileeval.s3.us-east-1.amazonaws.com/family_datasets/Tools_Instruments_and_Appliances/Iron/Natural/8.png","https://tactileeval.s3.us-east-1.amazonaws.com/family_datasets/Tools_Instruments_and_Appliances/Iron/Tactile/8.jpeg","","Iron","https://tactileeval.s3.us-east-1.amazonaws.com/family_datasets/Tools_Instruments_and_Appliances/Iron/Natural/9.jpg","https://tactileeval.s3.us-east-1.amazonaws.com/family_datasets/Tools_Instruments_and_Appliances/Iron/Tactile/9.png","","Iron","https://tactileeval.s3.us-east-1.amazonaws.com/family_datasets/Tools_Instruments_and_Appliances/Iron/Natural/10.jpg","https://tactileeval.s3.us-east-1.amazonaws.com/family_datasets/Tools_Instruments_and_Appliances/Iron/Tactile/10.jpg","","Laptop","https://tactileeval.s3.us-east-1.amazonaws.com/family_datasets/Tools_Instruments_and_Appliances/Laptop/Natural/1.jpeg","https://tactileeval.s3.us-east-1.amazonaws.com/family_datasets/Tools_Instruments_and_Appliances/Laptop/Tactile/1.jpeg","","[{""question1"":{""orientation_match"":true,""view_frontal"":false,""view_perspective"":true,""view_side"":false,""view_top"":false},""question10"":{""orientation_match"":true,""view_frontal"":false,""view_perspective"":false,""view_side"":false,""view_top"":true},""question2"":{""orientation_match"":true,""view_frontal"":false,""view_perspective"":false,""view_side"":true,""view_top"":false},""question3"":{""orientation_match"":true,""view_frontal"":false,""view_perspective"":true,""view_side"":false,""view_top"":false},""question4"":{""orientation_match"":true,""view_frontal"":false,""view_perspective"":true,""view_side"":false,""view_top"":false},""question5"":{""orientation_match"":true,""view_frontal"":false,""view_perspective"":false,""view_side"":true,""view_top"":false},""question6"":{""orientation_match"":false,""view_frontal"":false,""view_perspective"":false,""view_side"":true,""view_top"":false},""question7"":{""orientation_match"":false,""view_frontal"":false,""view_perspective"":false,""view_side"":true,""view_top"":false},""question8"":{""orientation_match"":false,""view_frontal"":false,""view_perspective"":false,""view_side"":true,""view_top"":false},""question9"":{""orientation_match"":true,""view_frontal"":false,""view_perspective"":false,""view_side"":true,""view_top"":false}}]"
"3ZQX1VYFU5J5JK8FQPZXCWBZ7FL8ON","3BHRGUFAI0A6J7Y48A1RI398KZKSCH","Categorize images based on view.","Review 10 line-arts and judge if it has same or different views. Identify view for each tactile. (10 pairs)","tactile, image review, accessibility, tools, instruments and appliances","$0.08","Sat Apr 18 18:48:16 PDT 2026","7","BatchId:5385948;OriginalHitTemplateId:928390873;","1800","1296000","Sat Apr 25 18:48:16 PDT 2026","","","3483FV8BF7X6UJYF0E939P8Y4JV62O","AANFSTZSFMWNW","Rejected","Sat Apr 18 19:08:27 PDT 2026","Sat Apr 18 19:09:08 PDT 2026","Sun May 03 19:09:08 PDT 2026","","Sun Apr 19 07:41:35 PDT 2026","Thank you for your time. Unfortunately this submission did not pass the embedded gold-standard checks; this task requires very careful attention to detail.","41","88% (146/165)","25% (3/12)","25% (3/12)","Iron","https://tactileeval.s3.us-east-1.amazonaws.com/family_datasets/Tools_Instruments_and_Appliances/Iron/Natural/2.jpg","https://tactileeval.s3.us-east-1.amazonaws.com/family_datasets/Tools_Instruments_and_Appliances/Iron/Tactile/2.jpeg","","Iron","https://tactileeval.s3.us-east-1.amazonaws.com/family_datasets/Tools_Instruments_and_Appliances/Iron/Natural/3.jpg","https://tactileeval.s3.us-east-1.amazonaws.com/family_datasets/Tools_Instruments_and_Appliances/Iron/Tactile/3.jpeg","","Iron","https://tactileeval.s3.us-east-1.amazonaws.com/family_datasets/Tools_Instruments_and_Appliances/Iron/Natural/4.jpg","https://tactileeval.s3.us-east-1.amazonaws.com/family_datasets/Tools_Instruments_and_Appliances/Iron/Tactile/4.jpeg","","Iron","https://tactileeval.s3.us-east-1.amazonaws.com/family_datasets/Tools_Instruments_and_Appliances/Iron/Natural/5.jpg","https://tactileeval.s3.us-east-1.amazonaws.com/family_datasets/Tools_Instruments_and_Appliances/Iron/Tactile/5.jpeg","","Iron","https://tactileeval.s3.us-east-1.amazonaws.com/family_datasets/Tools_Instruments_and_Appliances/Iron/Natural/6.jpg","https://tactileeval.s3.us-east-1.amazonaws.com/family_datasets/Tools_Instruments_and_Appliances/Iron/Tactile/6.jpeg","","Iron","https://tactileeval.s3.us-east-1.amazonaws.com/family_datasets/Tools_Instruments_and_Appliances/Iron/Natural/7.jpg","https://tactileeval.s3.us-east-1.amazonaws.com/family_datasets/Tools_Instruments_and_Appliances/Iron/Tactile/7.jpeg","","Iron","https://tactileeval.s3.us-east-1.amazonaws.com/family_datasets/Tools_Instruments_and_Appliances/Iron/Natural/8.png","https://tactileeval.s3.us-east-1.amazonaws.com/family_datasets/Tools_Instruments_and_Appliances/Iron/Tactile/8.jpeg","","Iron","https://tactileeval.s3.us-east-1.amazonaws.com/family_datasets/Tools_Instruments_and_Appliances/Iron/Natural/9.jpg","https://tactileeval.s3.us-east-1.amazonaws.com/family_datasets/Tools_Instruments_and_Appliances/Iron/Tactile/9.png","","Iron","https://tactileeval.s3.us-east-1.amazonaws.com/family_datasets/Tools_Instruments_and_Appliances/Iron/Natural/10.jpg","https://tactileeval.s3.us-east-1.amazonaws.com/family_datasets/Tools_Instruments_and_Appliances/Iron/Tactile/10.jpg","","Laptop","https://tactileeval.s3.us-east-1.amazonaws.com/family_datasets/Tools_Instruments_and_Appliances/Laptop/Natural/1.jpeg","https://tactileeval.s3.us-east-1.amazonaws.com/family_datasets/Tools_Instruments_and_Appliances/Laptop/Tactile/1.jpeg","","[{""question1"":{""orientation_match"":false,""view_frontal"":false,""view_perspective"":false,""view_side"":true,""view_top"":false},""question10"":{""orientation_match"":true,""view_frontal"":false,""view_perspective"":false,""view_side"":false,""view_top"":true},""question2"":{""orientation_match"":true,""view_frontal"":false,""view_perspective"":false,""view_side"":false,""view_top"":false},""question3"":{""orientation_match"":true,""view_frontal"":false,""view_perspective"":true,""view_side"":false,""view_top"":false},""question4"":{""orientation_match"":true,""view_frontal"":false,""view_perspective"":false,""view_side"":false,""view_top"":false},""question5"":{""orientation_match"":true,""view_frontal"":false,""view_perspective"":false,""view_side"":true,""view_top"":false},""question6"":{""orientation_match"":false,""view_frontal"":true,""view_perspective"":false,""view_side"":false,""view_top"":false},""question7"":{""orientation_match"":true,""view_frontal"":false,""view_perspective"":true,""view_side"":false,""view_top"":false},""question8"":{""orientation_match"":false,""view_frontal"":true,""view_perspective"":false,""view_side"":false,""view_top"":false},""question9"":{""orientation_match"":true,""view_frontal"":true,""view_perspective"":false,""view_side"":false,""view_top"":false}}]"
"3ZQX1VYFU5J5JK8FQPZXCWBZ7FL8ON","3BHRGUFAI0A6J7Y48A1RI398KZKSCH","Categorize images based on view.","Review 10 line-arts and judge if it has same or different views. Identify view for each tactile. (10 pairs)","tactile, image review, accessibility, tools, instruments and appliances","$0.08","Sat Apr 18 18:48:16 PDT 2026","7","BatchId:5385948;OriginalHitTemplateId:928390873;","1800","1296000","Sat Apr 25 18:48:16 PDT 2026","","","33FOTY3KFFZOLFPKR1MSQ6Q38ZW1CY","A1RQST9UG72B9D","Approved","Sat Apr 18 20:12:15 PDT 2026","Sat Apr 18 20:13:13 PDT 2026","Sun May 03 20:13:13 PDT 2026","Sun Apr 19 07:41:36 PDT 2026","","","58","69% (11/16)","69% (11/16)","69% (11/16)","Iron","https://tactileeval.s3.us-east-1.amazonaws.com/family_datasets/Tools_Instruments_and_Appliances/Iron/Natural/2.jpg","https://tactileeval.s3.us-east-1.amazonaws.com/family_datasets/Tools_Instruments_and_Appliances/Iron/Tactile/2.jpeg","","Iron","https://tactileeval.s3.us-east-1.amazonaws.com/family_datasets/Tools_Instruments_and_Appliances/Iron/Natural/3.jpg","https://tactileeval.s3.us-east-1.amazonaws.com/family_datasets/Tools_Instruments_and_Appliances/Iron/Tactile/3.jpeg","","Iron","https://tactileeval.s3.us-east-1.amazonaws.com/family_datasets/Tools_Instruments_and_Appliances/Iron/Natural/4.jpg","https://tactileeval.s3.us-east-1.amazonaws.com/family_datasets/Tools_Instruments_and_Appliances/Iron/Tactile/4.jpeg","","Iron","https://tactileeval.s3.us-east-1.amazonaws.com/family_datasets/Tools_Instruments_and_Appliances/Iron/Natural/5.jpg","https://tactileeval.s3.us-east-1.amazonaws.com/family_datasets/Tools_Instruments_and_Appliances/Iron/Tactile/5.jpeg","","Iron","https://tactileeval.s3.us-east-1.amazonaws.com/family_datasets/Tools_Instruments_and_Appliances/Iron/Natural/6.jpg","https://tactileeval.s3.us-east-1.amazonaws.com/family_datasets/Tools_Instruments_and_Appliances/Iron/Tactile/6.jpeg","","Iron","https://tactileeval.s3.us-east-1.amazonaws.com/family_datasets/Tools_Instruments_and_Appliances/Iron/Natural/7.jpg","https://tactileeval.s3.us-east-1.amazonaws.com/family_datasets/Tools_Instruments_and_Appliances/Iron/Tactile/7.jpeg","","Iron","https://tactileeval.s3.us-east-1.amazonaws.com/family_datasets/Tools_Instruments_and_Appliances/Iron/Natural/8.png","https://tactileeval.s3.us-east-1.amazonaws.com/family_datasets/Tools_Instruments_and_Appliances/Iron/Tactile/8.jpeg","","Iron","https://tactileeval.s3.us-east-1.amazonaws.com/family_datasets/Tools_Instruments_and_Appliances/Iron/Natural/9.jpg","https://tactileeval.s3.us-east-1.amazonaws.com/family_datasets/Tools_Instruments_and_Appliances/Iron/Tactile/9.png","","Iron","https://tactileeval.s3.us-east-1.amazonaws.com/family_datasets/Tools_Instruments_and_Appliances/Iron/Natural/10.jpg","https://tactileeval.s3.us-east-1.amazonaws.com/family_datasets/Tools_Instruments_and_Appliances/Iron/Tactile/10.jpg","","Laptop","https://tactileeval.s3.us-east-1.amazonaws.com/family_datasets/Tools_Instruments_and_Appliances/Laptop/Natural/1.jpeg","https://tactileeval.s3.us-east-1.amazonaws.com/family_datasets/Tools_Instruments_and_Appliances/Laptop/Tactile/1.jpeg","","[{""question1"":{""orientation_match"":true,""view_frontal"":false,""view_perspective"":true,""view_side"":false,""view_top"":false},""question10"":{""orientation_match"":true,""view_frontal"":false,""view_perspective"":true,""view_side"":false,""view_top"":false},""question2"":{""orientation_match"":true,""view_frontal"":false,""view_perspective"":false,""view_side"":true,""view_top"":false},""question3"":{""orientation_match"":true,""view_frontal"":false,""view_perspective"":true,""view_side"":false,""view_top"":false},""question4"":{""orientation_match"":true,""view_frontal"":false,""view_perspective"":true,""view_side"":false,""view_top"":false},""question5"":{""orientation_match"":true,""view_frontal"":false,""view_perspective"":false,""view_side"":true,""view_top"":false},""question6"":{""orientation_match"":false,""view_frontal"":false,""view_perspective"":false,""view_side"":true,""view_top"":false},""question7"":{""orientation_match"":false,""view_frontal"":false,""view_perspective"":false,""view_side"":true,""view_top"":false},""question8"":{""orientation_match"":false,""view_frontal"":false,""view_perspective"":false,""view_side"":true,""view_top"":false},""question9"":{""orientation_match"":true,""view_frontal"":false,""view_perspective"":false,""view_side"":true,""view_top"":false}}]"
"3ZQX1VYFU5J5JK8FQPZXCWBZ7FL8ON","3BHRGUFAI0A6J7Y48A1RI398KZKSCH","Categorize images based on view.","Review 10 line-arts and judge if it has same or different views. Identify view for each tactile. (10 pairs)","tactile, image review, accessibility, tools, instruments and appliances","$0.08","Sat Apr 18 18:48:16 PDT 2026","7","BatchId:5385948;OriginalHitTemplateId:928390873;","1800","1296000","Sat Apr 25 18:48:16 PDT 2026","","","33CID5711X7DYMX5RITAHIVN0SU3LE","AJZHPDCKUVRM8","Approved","Sat Apr 18 22:06:14 PDT 2026","Sat Apr 18 22:06:46 PDT 2026","Sun May 03 22:06:46 PDT 2026","Sun Apr 19 07:41:36 PDT 2026","","","32","86% (68/79)","86% (68/79)","86% (68/79)","Iron","https://tactileeval.s3.us-east-1.amazonaws.com/family_datasets/Tools_Instruments_and_Appliances/Iron/Natural/2.jpg","https://tactileeval.s3.us-east-1.amazonaws.com/family_datasets/Tools_Instruments_and_Appliances/Iron/Tactile/2.jpeg","","Iron","https://tactileeval.s3.us-east-1.amazonaws.com/family_datasets/Tools_Instruments_and_Appliances/Iron/Natural/3.jpg","https://tactileeval.s3.us-east-1.amazonaws.com/family_datasets/Tools_Instruments_and_Appliances/Iron/Tactile/3.jpeg","","Iron","https://tactileeval.s3.us-east-1.amazonaws.com/family_datasets/Tools_Instruments_and_Appliances/Iron/Natural/4.jpg","https://tactileeval.s3.us-east-1.amazonaws.com/family_datasets/Tools_Instruments_and_Appliances/Iron/Tactile/4.jpeg","","Iron","https://tactileeval.s3.us-east-1.amazonaws.com/family_datasets/Tools_Instruments_and_Appliances/Iron/Natural/5.jpg","https://tactileeval.s3.us-east-1.amazonaws.com/family_datasets/Tools_Instruments_and_Appliances/Iron/Tactile/5.jpeg","","Iron","https://tactileeval.s3.us-east-1.amazonaws.com/family_datasets/Tools_Instruments_and_Appliances/Iron/Natural/6.jpg","https://tactileeval.s3.us-east-1.amazonaws.com/family_datasets/Tools_Instruments_and_Appliances/Iron/Tactile/6.jpeg","","Iron","https://tactileeval.s3.us-east-1.amazonaws.com/family_datasets/Tools_Instruments_and_Appliances/Iron/Natural/7.jpg","https://tactileeval.s3.us-east-1.amazonaws.com/family_datasets/Tools_Instruments_and_Appliances/Iron/Tactile/7.jpeg","","Iron","https://tactileeval.s3.us-east-1.amazonaws.com/family_datasets/Tools_Instruments_and_Appliances/Iron/Natural/8.png","https://tactileeval.s3.us-east-1.amazonaws.com/family_datasets/Tools_Instruments_and_Appliances/Iron/Tactile/8.jpeg","","Iron","https://tactileeval.s3.us-east-1.amazonaws.com/family_datasets/Tools_Instruments_and_Appliances/Iron/Natural/9.jpg","https://tactileeval.s3.us-east-1.amazonaws.com/family_datasets/Tools_Instruments_and_Appliances/Iron/Tactile/9.png","","Iron","https://tactileeval.s3.us-east-1.amazonaws.com/family_datasets/Tools_Instruments_and_Appliances/Iron/Natural/10.jpg","https://tactileeval.s3.us-east-1.amazonaws.com/family_datasets/Tools_Instruments_and_Appliances/Iron/Tactile/10.jpg","","Laptop","https://tactileeval.s3.us-east-1.amazonaws.com/family_datasets/Tools_Instruments_and_Appliances/Laptop/Natural/1.jpeg","https://tactileeval.s3.us-east-1.amazonaws.com/family_datasets/Tools_Instruments_and_Appliances/Laptop/Tactile/1.jpeg","","[{""question1"":{""orientation_match"":true,""view_frontal"":false,""view_perspective"":true,""view_side"":false,""view_top"":false},""question10"":{""orientation_match"":true,""view_frontal"":false,""view_perspective"":true,""view_side"":false,""view_top"":false},""question2"":{""orientation_match"":true,""view_frontal"":false,""view_perspective"":false,""view_side"":true,""view_top"":false},""question3"":{""orientation_match"":true,""view_frontal"":false,""view_perspective"":true,""view_side"":false,""view_top"":false},""question4"":{""orientation_match"":true,""view_frontal"":false,""view_perspective"":true,""view_side"":false,""view_top"":false},""question5"":{""orientation_match"":true,""view_frontal"":false,""view_perspective"":false,""view_side"":true,""view_top"":false},""question6"":{""orientation_match"":false,""view_frontal"":false,""view_perspective"":false,""view_side"":true,""view_top"":false},""question7"":{""orientation_match"":false,""view_frontal"":false,""view_perspective"":false,""view_side"":true,""view_top"":false},""question8"":{""orientation_match"":false,""view_frontal"":false,""view_perspective"":false,""view_side"":true,""view_top"":false},""question9"":{""orientation_match"":true,""view_frontal"":false,""view_perspective"":false,""view_side"":true,""view_top"":false}}]"
"3ZQX1VYFU5J5JK8FQPZXCWBZ7FL8ON","3BHRGUFAI0A6J7Y48A1RI398KZKSCH","Categorize images based on view.","Review 10 line-arts and judge if it has same or different views. Identify view for each tactile. (10 pairs)","tactile, image review, accessibility, tools, instruments and appliances","$0.08","Sat Apr 18 18:48:16 PDT 2026","7","BatchId:5385948;OriginalHitTemplateId:928390873;","1800","1296000","Sat Apr 25 18:48:16 PDT 2026","","","3IQ1VMJRZMYIH5VHB05UZHIY685A9K","A2S834OHCORO1W","Approved","Sat Apr 18 22:11:20 PDT 2026","Sat Apr 18 22:24:35 PDT 2026","Sun May 03 22:24:35 PDT 2026","Sun Apr 19 07:41:36 PDT 2026","","","795","44% (4/9)","17% (1/6)","17% (1/6)","Iron","https://tactileeval.s3.us-east-1.amazonaws.com/family_datasets/Tools_Instruments_and_Appliances/Iron/Natural/2.jpg","https://tactileeval.s3.us-east-1.amazonaws.com/family_datasets/Tools_Instruments_and_Appliances/Iron/Tactile/2.jpeg","","Iron","https://tactileeval.s3.us-east-1.amazonaws.com/family_datasets/Tools_Instruments_and_Appliances/Iron/Natural/3.jpg","https://tactileeval.s3.us-east-1.amazonaws.com/family_datasets/Tools_Instruments_and_Appliances/Iron/Tactile/3.jpeg","","Iron","https://tactileeval.s3.us-east-1.amazonaws.com/family_datasets/Tools_Instruments_and_Appliances/Iron/Natural/4.jpg","https://tactileeval.s3.us-east-1.amazonaws.com/family_datasets/Tools_Instruments_and_Appliances/Iron/Tactile/4.jpeg","","Iron","https://tactileeval.s3.us-east-1.amazonaws.com/family_datasets/Tools_Instruments_and_Appliances/Iron/Natural/5.jpg","https://tactileeval.s3.us-east-1.amazonaws.com/family_datasets/Tools_Instruments_and_Appliances/Iron/Tactile/5.jpeg","","Iron","https://tactileeval.s3.us-east-1.amazonaws.com/family_datasets/Tools_Instruments_and_Appliances/Iron/Natural/6.jpg","https://tactileeval.s3.us-east-1.amazonaws.com/family_datasets/Tools_Instruments_and_Appliances/Iron/Tactile/6.jpeg","","Iron","https://tactileeval.s3.us-east-1.amazonaws.com/family_datasets/Tools_Instruments_and_Appliances/Iron/Natural/7.jpg","https://tactileeval.s3.us-east-1.amazonaws.com/family_datasets/Tools_Instruments_and_Appliances/Iron/Tactile/7.jpeg","","Iron","https://tactileeval.s3.us-east-1.amazonaws.com/family_datasets/Tools_Instruments_and_Appliances/Iron/Natural/8.png","https://tactileeval.s3.us-east-1.amazonaws.com/family_datasets/Tools_Instruments_and_Appliances/Iron/Tactile/8.jpeg","","Iron","https://tactileeval.s3.us-east-1.amazonaws.com/family_datasets/Tools_Instruments_and_Appliances/Iron/Natural/9.jpg","https://tactileeval.s3.us-east-1.amazonaws.com/family_datasets/Tools_Instruments_and_Appliances/Iron/Tactile/9.png","","Iron","https://tactileeval.s3.us-east-1.amazonaws.com/family_datasets/Tools_Instruments_and_Appliances/Iron/Natural/10.jpg","https://tactileeval.s3.us-east-1.amazonaws.com/family_datasets/Tools_Instruments_and_Appliances/Iron/Tactile/10.jpg","","Laptop","https://tactileeval.s3.us-east-1.amazonaws.com/family_datasets/Tools_Instruments_and_Appliances/Laptop/Natural/1.jpeg","https://tactileeval.s3.us-east-1.amazonaws.com/family_datasets/Tools_Instruments_and_Appliances/Laptop/Tactile/1.jpeg","","[{""question1"":{""orientation_match"":true,""view_frontal"":false,""view_perspective"":false,""view_side"":true,""view_top"":false},""question10"":{""orientation_match"":true,""view_frontal"":false,""view_perspective"":true,""view_side"":false,""view_top"":false},""question2"":{""orientation_match"":true,""view_frontal"":false,""view_perspective"":false,""view_side"":true,""view_top"":false},""question3"":{""orientation_match"":true,""view_frontal"":false,""view_perspective"":false,""view_side"":true,""view_top"":false},""question4"":{""orientation_match"":true,""view_frontal"":true,""view_perspective"":false,""view_side"":false,""view_top"":false},""question5"":{""orientation_match"":true,""view_frontal"":false,""view_perspective"":false,""view_side"":true,""view_top"":false},""question6"":{""orientation_match"":true,""view_frontal"":false,""view_perspective"":false,""view_side"":true,""view_top"":false},""question7"":{""orientation_match"":false,""view_frontal"":false,""view_perspective"":false,""view_side"":true,""view_top"":false},""question8"":{""orientation_match"":true,""view_frontal"":false,""view_perspective"":false,""view_side"":true,""view_top"":false},""question9"":{""orientation_match"":true,""view_frontal"":false,""view_perspective"":false,""view_side"":true,""view_top"":false}}]"
"3ZQX1VYFU5J5JK8FQPZXCWBZ7FL8ON","3BHRGUFAI0A6J7Y48A1RI398KZKSCH","Categorize images based on view.","Review 10 line-arts and judge if it has same or different views. Identify view for each tactile. (10 pairs)","tactile, image review, accessibility, tools, instruments and appliances","$0.08","Sat Apr 18 18:48:16 PDT 2026","7","BatchId:5385948;OriginalHitTemplateId:928390873;","1800","1296000","Sat Apr 25 18:48:16 PDT 2026","","","3NXNZ5RS23B0Y3XJ4XTAPQG850Z97S","A2UZP2FRACKPK1","Approved","Sat Apr 18 22:12:16 PDT 2026","Sat Apr 18 22:34:03 PDT 2026","Sun May 03 22:34:03 PDT 2026","Sun Apr 19 07:41:36 PDT 2026","","","1307","56% (5/9)","56% (5/9)","56% (5/9)","Iron","https://tactileeval.s3.us-east-1.amazonaws.com/family_datasets/Tools_Instruments_and_Appliances/Iron/Natural/2.jpg","https://tactileeval.s3.us-east-1.amazonaws.com/family_datasets/Tools_Instruments_and_Appliances/Iron/Tactile/2.jpeg","","Iron","https://tactileeval.s3.us-east-1.amazonaws.com/family_datasets/Tools_Instruments_and_Appliances/Iron/Natural/3.jpg","https://tactileeval.s3.us-east-1.amazonaws.com/family_datasets/Tools_Instruments_and_Appliances/Iron/Tactile/3.jpeg","","Iron","https://tactileeval.s3.us-east-1.amazonaws.com/family_datasets/Tools_Instruments_and_Appliances/Iron/Natural/4.jpg","https://tactileeval.s3.us-east-1.amazonaws.com/family_datasets/Tools_Instruments_and_Appliances/Iron/Tactile/4.jpeg","","Iron","https://tactileeval.s3.us-east-1.amazonaws.com/family_datasets/Tools_Instruments_and_Appliances/Iron/Natural/5.jpg","https://tactileeval.s3.us-east-1.amazonaws.com/family_datasets/Tools_Instruments_and_Appliances/Iron/Tactile/5.jpeg","","Iron","https://tactileeval.s3.us-east-1.amazonaws.com/family_datasets/Tools_Instruments_and_Appliances/Iron/Natural/6.jpg","https://tactileeval.s3.us-east-1.amazonaws.com/family_datasets/Tools_Instruments_and_Appliances/Iron/Tactile/6.jpeg","","Iron","https://tactileeval.s3.us-east-1.amazonaws.com/family_datasets/Tools_Instruments_and_Appliances/Iron/Natural/7.jpg","https://tactileeval.s3.us-east-1.amazonaws.com/family_datasets/Tools_Instruments_and_Appliances/Iron/Tactile/7.jpeg","","Iron","https://tactileeval.s3.us-east-1.amazonaws.com/family_datasets/Tools_Instruments_and_Appliances/Iron/Natural/8.png","https://tactileeval.s3.us-east-1.amazonaws.com/family_datasets/Tools_Instruments_and_Appliances/Iron/Tactile/8.jpeg","","Iron","https://tactileeval.s3.us-east-1.amazonaws.com/family_datasets/Tools_Instruments_and_Appliances/Iron/Natural/9.jpg","https://tactileeval.s3.us-east-1.amazonaws.com/family_datasets/Tools_Instruments_and_Appliances/Iron/Tactile/9.png","","Iron","https://tactileeval.s3.us-east-1.amazonaws.com/family_datasets/Tools_Instruments_and_Appliances/Iron/Natural/10.jpg","https://tactileeval.s3.us-east-1.amazonaws.com/family_datasets/Tools_Instruments_and_Appliances/Iron/Tactile/10.jpg","","Laptop","https://tactileeval.s3.us-east-1.amazonaws.com/family_datasets/Tools_Instruments_and_Appliances/Laptop/Natural/1.jpeg","https://tactileeval.s3.us-east-1.amazonaws.com/family_datasets/Tools_Instruments_and_Appliances/Laptop/Tactile/1.jpeg","","[{""question1"":{""orientation_match"":true,""view_frontal"":true,""view_perspective"":false,""view_side"":false,""view_top"":false},""question10"":{""orientation_match"":true,""view_frontal"":false,""view_perspective"":true,""view_side"":false,""view_top"":false},""question2"":{""orientation_match"":true,""view_frontal"":false,""view_perspective"":false,""view_side"":true,""view_top"":false},""question3"":{""orientation_match"":true,""view_frontal"":false,""view_perspective"":false,""view_side"":true,""view_top"":false},""question4"":{""orientation_match"":true,""view_frontal"":true,""view_perspective"":false,""view_side"":false,""view_top"":false},""question5"":{""orientation_match"":true,""view_frontal"":false,""view_perspective"":false,""view_side"":true,""view_top"":false},""question6"":{""orientation_match"":true,""view_frontal"":false,""view_perspective"":false,""view_side"":true,""view_top"":false},""question7"":{""orientation_match"":false,""view_frontal"":false,""view_perspective"":false,""view_side"":true,""view_top"":false},""question8"":{""orientation_match"":true,""view_frontal"":false,""view_perspective"":false,""view_side"":true,""view_top"":false},""question9"":{""orientation_match"":true,""view_frontal"":false,""view_perspective"":false,""view_side"":true,""view_top"":false}}]"
"3ZQX1VYFU5J5JK8FQPZXCWBZ7FL8ON","3BHRGUFAI0A6J7Y48A1RI398KZKSCH","Categorize images based on view.","Review 10 line-arts and judge if it has same or different views. Identify view for each tactile. (10 pairs)","tactile, image review, accessibility, tools, instruments and appliances","$0.08","Sat Apr 18 18:48:16 PDT 2026","7","BatchId:5385948;OriginalHitTemplateId:928390873;","1800","1296000","Sat Apr 25 18:48:16 PDT 2026","","","3ZPPDN2SMOAL7ICTR57GV08PRN39EE","A160C751AAPJOO","Approved","Sat Apr 18 22:13:36 PDT 2026","Sat Apr 18 22:41:54 PDT 2026","Sun May 03 22:41:54 PDT 2026","Sun Apr 19 07:41:36 PDT 2026","","","1698","75% (6/8)","75% (6/8)","75% (6/8)","Iron","https://tactileeval.s3.us-east-1.amazonaws.com/family_datasets/Tools_Instruments_and_Appliances/Iron/Natural/2.jpg","https://tactileeval.s3.us-east-1.amazonaws.com/family_datasets/Tools_Instruments_and_Appliances/Iron/Tactile/2.jpeg","","Iron","https://tactileeval.s3.us-east-1.amazonaws.com/family_datasets/Tools_Instruments_and_Appliances/Iron/Natural/3.jpg","https://tactileeval.s3.us-east-1.amazonaws.com/family_datasets/Tools_Instruments_and_Appliances/Iron/Tactile/3.jpeg","","Iron","https://tactileeval.s3.us-east-1.amazonaws.com/family_datasets/Tools_Instruments_and_Appliances/Iron/Natural/4.jpg","https://tactileeval.s3.us-east-1.amazonaws.com/family_datasets/Tools_Instruments_and_Appliances/Iron/Tactile/4.jpeg","","Iron","https://tactileeval.s3.us-east-1.amazonaws.com/family_datasets/Tools_Instruments_and_Appliances/Iron/Natural/5.jpg","https://tactileeval.s3.us-east-1.amazonaws.com/family_datasets/Tools_Instruments_and_Appliances/Iron/Tactile/5.jpeg","","Iron","https://tactileeval.s3.us-east-1.amazonaws.com/family_datasets/Tools_Instruments_and_Appliances/Iron/Natural/6.jpg","https://tactileeval.s3.us-east-1.amazonaws.com/family_datasets/Tools_Instruments_and_Appliances/Iron/Tactile/6.jpeg","","Iron","https://tactileeval.s3.us-east-1.amazonaws.com/family_datasets/Tools_Instruments_and_Appliances/Iron/Natural/7.jpg","https://tactileeval.s3.us-east-1.amazonaws.com/family_datasets/Tools_Instruments_and_Appliances/Iron/Tactile/7.jpeg","","Iron","https://tactileeval.s3.us-east-1.amazonaws.com/family_datasets/Tools_Instruments_and_Appliances/Iron/Natural/8.png","https://tactileeval.s3.us-east-1.amazonaws.com/family_datasets/Tools_Instruments_and_Appliances/Iron/Tactile/8.jpeg","","Iron","https://tactileeval.s3.us-east-1.amazonaws.com/family_datasets/Tools_Instruments_and_Appliances/Iron/Natural/9.jpg","https://tactileeval.s3.us-east-1.amazonaws.com/family_datasets/Tools_Instruments_and_Appliances/Iron/Tactile/9.png","","Iron","https://tactileeval.s3.us-east-1.amazonaws.com/family_datasets/Tools_Instruments_and_Appliances/Iron/Natural/10.jpg","https://tactileeval.s3.us-east-1.amazonaws.com/family_datasets/Tools_Instruments_and_Appliances/Iron/Tactile/10.jpg","","Laptop","https://tactileeval.s3.us-east-1.amazonaws.com/family_datasets/Tools_Instruments_and_Appliances/Laptop/Natural/1.jpeg","https://tactileeval.s3.us-east-1.amazonaws.com/family_datasets/Tools_Instruments_and_Appliances/Laptop/Tactile/1.jpeg","","[{""question1"":{""orientation_match"":true,""view_frontal"":false,""view_perspective"":true,""view_side"":false,""view_top"":false},""question10"":{""orientation_match"":true,""view_frontal"":false,""view_perspective"":true,""view_side"":false,""view_top"":false},""question2"":{""orientation_match"":true,""view_frontal"":false,""view_perspective"":false,""view_side"":true,""view_top"":false},""question3"":{""orientation_match"":true,""view_frontal"":false,""view_perspective"":false,""view_side"":true,""view_top"":false},""question4"":{""orientation_match"":true,""view_frontal"":true,""view_perspective"":false,""view_side"":false,""view_top"":false},""question5"":{""orientation_match"":true,""view_frontal"":false,""view_perspective"":false,""view_side"":true,""view_top"":false},""question6"":{""orientation_match"":true,""view_frontal"":false,""view_perspective"":false,""view_side"":true,""view_top"":false},""question7"":{""orientation_match"":false,""view_frontal"":false,""view_perspective"":false,""view_side"":true,""view_top"":false},""question8"":{""orientation_match"":true,""view_frontal"":false,""view_perspective"":false,""view_side"":true,""view_top"":false},""question9"":{""orientation_match"":true,""view_frontal"":false,""view_perspective"":false,""view_side"":true,""view_top"":false}}]"
"3ZQX1VYFU5J5JK8FQPZXCWBZ7FL8ON","3BHRGUFAI0A6J7Y48A1RI398KZKSCH","Categorize images based on view.","Review 10 line-arts and judge if it has same or different views. Identify view for each tactile. (10 pairs)","tactile, image review, accessibility, tools, instruments and appliances","$0.08","Sat Apr 18 18:48:16 PDT 2026","7","BatchId:5385948;OriginalHitTemplateId:928390873;","1800","1296000","Sat Apr 25 18:48:16 PDT 2026","","","3QY5DC2MYKYBXO0SKRMD9EG3GADUFV","A1KKY370WV8Z2Z","Rejected","Sun Apr 19 08:25:39 PDT 2026","Sun Apr 19 08:40:47 PDT 2026","Mon May 04 08:40:47 PDT 2026","","Sun Apr 19 09:04:03 PDT 2026","Thank you for your time. Unfortunately this submission did not pass the embedded gold-standard checks; this task requires very careful attention to detail.","908","50% (1/2)","50% (1/2)","50% (1/2)","Iron","https://tactileeval.s3.us-east-1.amazonaws.com/family_datasets/Tools_Instruments_and_Appliances/Iron/Natural/2.jpg","https://tactileeval.s3.us-east-1.amazonaws.com/family_datasets/Tools_Instruments_and_Appliances/Iron/Tactile/2.jpeg","","Iron","https://tactileeval.s3.us-east-1.amazonaws.com/family_datasets/Tools_Instruments_and_Appliances/Iron/Natural/3.jpg","https://tactileeval.s3.us-east-1.amazonaws.com/family_datasets/Tools_Instruments_and_Appliances/Iron/Tactile/3.jpeg","","Iron","https://tactileeval.s3.us-east-1.amazonaws.com/family_datasets/Tools_Instruments_and_Appliances/Iron/Natural/4.jpg","https://tactileeval.s3.us-east-1.amazonaws.com/family_datasets/Tools_Instruments_and_Appliances/Iron/Tactile/4.jpeg","","Iron","https://tactileeval.s3.us-east-1.amazonaws.com/family_datasets/Tools_Instruments_and_Appliances/Iron/Natural/5.jpg","https://tactileeval.s3.us-east-1.amazonaws.com/family_datasets/Tools_Instruments_and_Appliances/Iron/Tactile/5.jpeg","","Iron","https://tactileeval.s3.us-east-1.amazonaws.com/family_datasets/Tools_Instruments_and_Appliances/Iron/Natural/6.jpg","https://tactileeval.s3.us-east-1.amazonaws.com/family_datasets/Tools_Instruments_and_Appliances/Iron/Tactile/6.jpeg","","Iron","https://tactileeval.s3.us-east-1.amazonaws.com/family_datasets/Tools_Instruments_and_Appliances/Iron/Natural/7.jpg","https://tactileeval.s3.us-east-1.amazonaws.com/family_datasets/Tools_Instruments_and_Appliances/Iron/Tactile/7.jpeg","","Iron","https://tactileeval.s3.us-east-1.amazonaws.com/family_datasets/Tools_Instruments_and_Appliances/Iron/Natural/8.png","https://tactileeval.s3.us-east-1.amazonaws.com/family_datasets/Tools_Instruments_and_Appliances/Iron/Tactile/8.jpeg","","Iron","https://tactileeval.s3.us-east-1.amazonaws.com/family_datasets/Tools_Instruments_and_Appliances/Iron/Natural/9.jpg","https://tactileeval.s3.us-east-1.amazonaws.com/family_datasets/Tools_Instruments_and_Appliances/Iron/Tactile/9.png","","Iron","https://tactileeval.s3.us-east-1.amazonaws.com/family_datasets/Tools_Instruments_and_Appliances/Iron/Natural/10.jpg","https://tactileeval.s3.us-east-1.amazonaws.com/family_datasets/Tools_Instruments_and_Appliances/Iron/Tactile/10.jpg","","Laptop","https://tactileeval.s3.us-east-1.amazonaws.com/family_datasets/Tools_Instruments_and_Appliances/Laptop/Natural/1.jpeg","https://tactileeval.s3.us-east-1.amazonaws.com/family_datasets/Tools_Instruments_and_Appliances/Laptop/Tactile/1.jpeg","","[{""question1"":{""orientation_match"":true,""view_frontal"":true,""view_perspective"":false,""view_side"":false,""view_top"":false},""question10"":{""orientation_match"":true,""view_frontal"":false,""view_perspective"":false,""view_side"":true,""view_top"":false},""question2"":{""orientation_match"":true,""view_frontal"":true,""view_perspective"":false,""view_side"":false,""view_top"":false},""question3"":{""orientation_match"":true,""view_frontal"":false,""view_perspective"":false,""view_side"":true,""view_top"":false},""question4"":{""orientation_match"":true,""view_frontal"":true,""view_perspective"":false,""view_side"":false,""view_top"":false},""question5"":{""orientation_match"":true,""view_frontal"":false,""view_perspective"":false,""view_side"":true,""view_top"":false},""question6"":{""orientation_match"":true,""view_frontal"":true,""view_perspective"":false,""view_side"":false,""view_top"":false},""question7"":{""orientation_match"":true,""view_frontal"":false,""view_perspective"":false,""view_side"":true,""view_top"":false},""question8"":{""orientation_match"":true,""view_frontal"":false,""view_perspective"":false,""view_side"":true,""view_top"":false},""question9"":{""orientation_match"":true,""view_frontal"":true,""view_perspective"":false,""view_side"":false,""view_top"":false}}]"
"3ZQX1VYFU5J5JK8FQPZXCWBZ7FL8ON","3BHRGUFAI0A6J7Y48A1RI398KZKSCH","Categorize images based on view.","Review 10 line-arts and judge if it has same or different views. Identify view for each tactile. (10 pairs)","tactile, image review, accessibility, tools, instruments and appliances","$0.08","Sat Apr 18 18:48:16 PDT 2026","7","BatchId:5385948;OriginalHitTemplateId:928390873;","1800","1296000","Sat Apr 25 18:48:16 PDT 2026","","","3TK8OJTYNUZN1GEM3KSNHUWQWN7VPM","A2EGHTES84V3RD","Rejected","Sun Apr 19 08:29:37 PDT 2026","Sun Apr 19 08:43:58 PDT 2026","Mon May 04 08:43:58 PDT 2026","","Sun Apr 19 09:04:03 PDT 2026","Thank you for your time. Unfortunately this submission did not pass the embedded gold-standard checks; this task requires very careful attention to detail.","861","0% (0/1)","0% (0/1)","0% (0/1)","Iron","https://tactileeval.s3.us-east-1.amazonaws.com/family_datasets/Tools_Instruments_and_Appliances/Iron/Natural/2.jpg","https://tactileeval.s3.us-east-1.amazonaws.com/family_datasets/Tools_Instruments_and_Appliances/Iron/Tactile/2.jpeg","","Iron","https://tactileeval.s3.us-east-1.amazonaws.com/family_datasets/Tools_Instruments_and_Appliances/Iron/Natural/3.jpg","https://tactileeval.s3.us-east-1.amazonaws.com/family_datasets/Tools_Instruments_and_Appliances/Iron/Tactile/3.jpeg","","Iron","https://tactileeval.s3.us-east-1.amazonaws.com/family_datasets/Tools_Instruments_and_Appliances/Iron/Natural/4.jpg","https://tactileeval.s3.us-east-1.amazonaws.com/family_datasets/Tools_Instruments_and_Appliances/Iron/Tactile/4.jpeg","","Iron","https://tactileeval.s3.us-east-1.amazonaws.com/family_datasets/Tools_Instruments_and_Appliances/Iron/Natural/5.jpg","https://tactileeval.s3.us-east-1.amazonaws.com/family_datasets/Tools_Instruments_and_Appliances/Iron/Tactile/5.jpeg","","Iron","https://tactileeval.s3.us-east-1.amazonaws.com/family_datasets/Tools_Instruments_and_Appliances/Iron/Natural/6.jpg","https://tactileeval.s3.us-east-1.amazonaws.com/family_datasets/Tools_Instruments_and_Appliances/Iron/Tactile/6.jpeg","","Iron","https://tactileeval.s3.us-east-1.amazonaws.com/family_datasets/Tools_Instruments_and_Appliances/Iron/Natural/7.jpg","https://tactileeval.s3.us-east-1.amazonaws.com/family_datasets/Tools_Instruments_and_Appliances/Iron/Tactile/7.jpeg","","Iron","https://tactileeval.s3.us-east-1.amazonaws.com/family_datasets/Tools_Instruments_and_Appliances/Iron/Natural/8.png","https://tactileeval.s3.us-east-1.amazonaws.com/family_datasets/Tools_Instruments_and_Appliances/Iron/Tactile/8.jpeg","","Iron","https://tactileeval.s3.us-east-1.amazonaws.com/family_datasets/Tools_Instruments_and_Appliances/Iron/Natural/9.jpg","https://tactileeval.s3.us-east-1.amazonaws.com/family_datasets/Tools_Instruments_and_Appliances/Iron/Tactile/9.png","","Iron","https://tactileeval.s3.us-east-1.amazonaws.com/family_datasets/Tools_Instruments_and_Appliances/Iron/Natural/10.jpg","https://tactileeval.s3.us-east-1.amazonaws.com/family_datasets/Tools_Instruments_and_Appliances/Iron/Tactile/10.jpg","","Laptop","https://tactileeval.s3.us-east-1.amazonaws.com/family_datasets/Tools_Instruments_and_Appliances/Laptop/Natural/1.jpeg","https://tactileeval.s3.us-east-1.amazonaws.com/family_datasets/Tools_Instruments_and_Appliances/Laptop/Tactile/1.jpeg","","[{""question1"":{""orientation_match"":true,""view_frontal"":false,""view_perspective"":true,""view_side"":false,""view_top"":false},""question10"":{""orientation_match"":true,""view_frontal"":false,""view_perspective"":false,""view_side"":true,""view_top"":false},""question2"":{""orientation_match"":true,""view_frontal"":true,""view_perspective"":false,""view_side"":false,""view_top"":false},""question3"":{""orientation_match"":true,""view_frontal"":false,""view_perspective"":false,""view_side"":true,""view_top"":false},""question4"":{""orientation_match"":true,""view_frontal"":true,""view_perspective"":false,""view_side"":false,""view_top"":false},""question5"":{""orientation_match"":true,""view_frontal"":false,""view_perspective"":false,""view_side"":false,""view_top"":true},""question6"":{""orientation_match"":true,""view_frontal"":true,""view_perspective"":false,""view_side"":false,""view_top"":false},""question7"":{""orientation_match"":true,""view_frontal"":true,""view_perspective"":false,""view_side"":false,""view_top"":false},""question8"":{""orientation_match"":true,""view_frontal"":false,""view_perspective"":false,""view_side"":true,""view_top"":false},""question9"":{""orientation_match"":true,""view_frontal"":true,""view_perspective"":false,""view_side"":false,""view_top"":false}}]"
"33W1NHWFZ9Z0G8EAVWL9JQEQ5W8ZT4","3BHRGUFAI0A6J7Y48A1RI398KZKSCH","Categorize images based on view.","Review 10 line-arts and judge if it has same or different views. Identify view for each tactile. (10 pairs)","tactile, image review, accessibility, tools, instruments and appliances","$0.08","Sat Apr 18 18:48:16 PDT 2026","9","BatchId:5385948;OriginalHitTemplateId:928390873;","1800","1296000","Sat Apr 25 18:48:16 PDT 2026","","","39L1G8WVXJ508FT1Y8BRX3M92M331M","A33I0A28TLIR6J","Rejected","Sat Apr 18 18:55:29 PDT 2026","Sat Apr 18 18:59:22 PDT 2026","Sun May 03 18:59:22 PDT 2026","","Sun Apr 19 07:41:36 PDT 2026","Thank you for your time. Unfortunately this submission did not pass the embedded gold-standard checks; this task requires very careful attention to detail.","233","75% (21/28)","30% (3/10)","30% (3/10)","Laptop","https://tactileeval.s3.us-east-1.amazonaws.com/family_datasets/Tools_Instruments_and_Appliances/Laptop/Natural/2.jpeg","https://tactileeval.s3.us-east-1.amazonaws.com/family_datasets/Tools_Instruments_and_Appliances/Laptop/Tactile/2.png","","Laptop","https://tactileeval.s3.us-east-1.amazonaws.com/family_datasets/Tools_Instruments_and_Appliances/Laptop/Natural/3.jpeg","https://tactileeval.s3.us-east-1.amazonaws.com/family_datasets/Tools_Instruments_and_Appliances/Laptop/Tactile/3.jpeg","","Laptop","https://tactileeval.s3.us-east-1.amazonaws.com/family_datasets/Tools_Instruments_and_Appliances/Laptop/Natural/4.jpeg","https://tactileeval.s3.us-east-1.amazonaws.com/family_datasets/Tools_Instruments_and_Appliances/Laptop/Tactile/4.jpeg","","Laptop","https://tactileeval.s3.us-east-1.amazonaws.com/family_datasets/Tools_Instruments_and_Appliances/Laptop/Natural/5.jpeg","https://tactileeval.s3.us-east-1.amazonaws.com/family_datasets/Tools_Instruments_and_Appliances/Laptop/Tactile/5.jpeg","","Laptop","https://tactileeval.s3.us-east-1.amazonaws.com/family_datasets/Tools_Instruments_and_Appliances/Laptop/Natural/6.jpeg","https://tactileeval.s3.us-east-1.amazonaws.com/family_datasets/Tools_Instruments_and_Appliances/Laptop/Tactile/6.jpeg","","Laptop","https://tactileeval.s3.us-east-1.amazonaws.com/family_datasets/Tools_Instruments_and_Appliances/Laptop/Natural/7.jpeg","https://tactileeval.s3.us-east-1.amazonaws.com/family_datasets/Tools_Instruments_and_Appliances/Laptop/Tactile/7.jpeg","","Laptop","https://tactileeval.s3.us-east-1.amazonaws.com/family_datasets/Tools_Instruments_and_Appliances/Laptop/Natural/8.jpeg","https://tactileeval.s3.us-east-1.amazonaws.com/family_datasets/Tools_Instruments_and_Appliances/Laptop/Tactile/8.jpeg","","Laptop","https://tactileeval.s3.us-east-1.amazonaws.com/family_datasets/Tools_Instruments_and_Appliances/Laptop/Natural/9.jpeg","https://tactileeval.s3.us-east-1.amazonaws.com/family_datasets/Tools_Instruments_and_Appliances/Laptop/Tactile/9.jpeg","","Laptop","https://tactileeval.s3.us-east-1.amazonaws.com/family_datasets/Tools_Instruments_and_Appliances/Laptop/Natural/10.jpeg","https://tactileeval.s3.us-east-1.amazonaws.com/family_datasets/Tools_Instruments_and_Appliances/Laptop/Tactile/10.jpeg","","Laptop","https://tactileeval.s3.us-east-1.amazonaws.com/family_datasets/Tools_Instruments_and_Appliances/Laptop/Natural/11.jpeg","https://tactileeval.s3.us-east-1.amazonaws.com/family_datasets/Tools_Instruments_and_Appliances/Laptop/Tactile/11.jpeg","","[{""question1"":{""orientation_match"":true,""view_frontal"":true,""view_perspective"":false,""view_side"":false,""view_top"":false},""question10"":{""orientation_match"":true,""view_frontal"":true,""view_perspective"":false,""view_side"":false,""view_top"":false},""question2"":{""orientation_match"":true,""view_frontal"":true,""view_perspective"":false,""view_side"":false,""view_top"":false},""question3"":{""orientation_match"":true,""view_frontal"":true,""view_perspective"":false,""view_side"":false,""view_top"":false},""question4"":{""orientation_match"":true,""view_frontal"":false,""view_perspective"":true,""view_side"":false,""view_top"":false},""question5"":{""orientation_match"":true,""view_frontal"":true,""view_perspective"":false,""view_side"":false,""view_top"":false},""question6"":{""orientation_match"":true,""view_frontal"":false,""view_perspective"":true,""view_side"":false,""view_top"":false},""question7"":{""orientation_match"":true,""view_frontal"":false,""view_perspective"":true,""view_side"":false,""view_top"":false},""question8"":{""orientation_match"":true,""view_frontal"":false,""view_perspective"":false,""view_side"":true,""view_top"":false},""question9"":{""orientation_match"":true,""view_frontal"":false,""view_perspective"":true,""view_side"":false,""view_top"":false}}]"
"33W1NHWFZ9Z0G8EAVWL9JQEQ5W8ZT4","3BHRGUFAI0A6J7Y48A1RI398KZKSCH","Categorize images based on view.","Review 10 line-arts and judge if it has same or different views. Identify view for each tactile. (10 pairs)","tactile, image review, accessibility, tools, instruments and appliances","$0.08","Sat Apr 18 18:48:16 PDT 2026","9","BatchId:5385948;OriginalHitTemplateId:928390873;","1800","1296000","Sat Apr 25 18:48:16 PDT 2026","","","3P59JYT77EYCWH9RWRHWKZ0COR62TV","AANFSTZSFMWNW","Rejected","Sat Apr 18 19:12:21 PDT 2026","Sat Apr 18 19:12:59 PDT 2026","Sun May 03 19:12:59 PDT 2026","","Sun Apr 19 07:41:36 PDT 2026","Thank you for your time. Unfortunately this submission did not pass the embedded gold-standard checks; this task requires very careful attention to detail.","38","88% (146/165)","25% (3/12)","25% (3/12)","Laptop","https://tactileeval.s3.us-east-1.amazonaws.com/family_datasets/Tools_Instruments_and_Appliances/Laptop/Natural/2.jpeg","https://tactileeval.s3.us-east-1.amazonaws.com/family_datasets/Tools_Instruments_and_Appliances/Laptop/Tactile/2.png","","Laptop","https://tactileeval.s3.us-east-1.amazonaws.com/family_datasets/Tools_Instruments_and_Appliances/Laptop/Natural/3.jpeg","https://tactileeval.s3.us-east-1.amazonaws.com/family_datasets/Tools_Instruments_and_Appliances/Laptop/Tactile/3.jpeg","","Laptop","https://tactileeval.s3.us-east-1.amazonaws.com/family_datasets/Tools_Instruments_and_Appliances/Laptop/Natural/4.jpeg","https://tactileeval.s3.us-east-1.amazonaws.com/family_datasets/Tools_Instruments_and_Appliances/Laptop/Tactile/4.jpeg","","Laptop","https://tactileeval.s3.us-east-1.amazonaws.com/family_datasets/Tools_Instruments_and_Appliances/Laptop/Natural/5.jpeg","https://tactileeval.s3.us-east-1.amazonaws.com/family_datasets/Tools_Instruments_and_Appliances/Laptop/Tactile/5.jpeg","","Laptop","https://tactileeval.s3.us-east-1.amazonaws.com/family_datasets/Tools_Instruments_and_Appliances/Laptop/Natural/6.jpeg","https://tactileeval.s3.us-east-1.amazonaws.com/family_datasets/Tools_Instruments_and_Appliances/Laptop/Tactile/6.jpeg","","Laptop","https://tactileeval.s3.us-east-1.amazonaws.com/family_datasets/Tools_Instruments_and_Appliances/Laptop/Natural/7.jpeg","https://tactileeval.s3.us-east-1.amazonaws.com/family_datasets/Tools_Instruments_and_Appliances/Laptop/Tactile/7.jpeg","","Laptop","https://tactileeval.s3.us-east-1.amazonaws.com/family_datasets/Tools_Instruments_and_Appliances/Laptop/Natural/8.jpeg","https://tactileeval.s3.us-east-1.amazonaws.com/family_datasets/Tools_Instruments_and_Appliances/Laptop/Tactile/8.jpeg","","Laptop","https://tactileeval.s3.us-east-1.amazonaws.com/family_datasets/Tools_Instruments_and_Appliances/Laptop/Natural/9.jpeg","https://tactileeval.s3.us-east-1.amazonaws.com/family_datasets/Tools_Instruments_and_Appliances/Laptop/Tactile/9.jpeg","","Laptop","https://tactileeval.s3.us-east-1.amazonaws.com/family_datasets/Tools_Instruments_and_Appliances/Laptop/Natural/10.jpeg","https://tactileeval.s3.us-east-1.amazonaws.com/family_datasets/Tools_Instruments_and_Appliances/Laptop/Tactile/10.jpeg","","Laptop","https://tactileeval.s3.us-east-1.amazonaws.com/family_datasets/Tools_Instruments_and_Appliances/Laptop/Natural/11.jpeg","https://tactileeval.s3.us-east-1.amazonaws.com/family_datasets/Tools_Instruments_and_Appliances/Laptop/Tactile/11.jpeg","","[{""question1"":{""orientation_match"":true,""view_frontal"":true,""view_perspective"":false,""view_side"":false,""view_top"":false},""question10"":{""orientation_match"":true,""view_frontal"":false,""view_perspective"":false,""view_side"":false,""view_top"":true},""question2"":{""orientation_match"":true,""view_frontal"":false,""view_perspective"":false,""view_side"":true,""view_top"":false},""question3"":{""orientation_match"":true,""view_frontal"":false,""view_perspective"":true,""view_side"":false,""view_top"":false},""question4"":{""orientation_match"":true,""view_frontal"":false,""view_perspective"":false,""view_side"":true,""view_top"":false},""question5"":{""orientation_match"":true,""view_frontal"":true,""view_perspective"":false,""view_side"":false,""view_top"":false},""question6"":{""orientation_match"":false,""view_frontal"":false,""view_perspective"":false,""view_side"":false,""view_top"":true},""question7"":{""orientation_match"":false,""view_frontal"":true,""view_perspective"":false,""view_side"":false,""view_top"":false},""question8"":{""orientation_match"":true,""view_frontal"":true,""view_perspective"":false,""view_side"":false,""view_top"":false},""question9"":{""orientation_match"":true,""view_frontal"":true,""view_perspective"":false,""view_side"":false,""view_top"":false}}]"
"33W1NHWFZ9Z0G8EAVWL9JQEQ5W8ZT4","3BHRGUFAI0A6J7Y48A1RI398KZKSCH","Categorize images based on view.","Review 10 line-arts and judge if it has same or different views. Identify view for each tactile. (10 pairs)","tactile, image review, accessibility, tools, instruments and appliances","$0.08","Sat Apr 18 18:48:16 PDT 2026","9","BatchId:5385948;OriginalHitTemplateId:928390873;","1800","1296000","Sat Apr 25 18:48:16 PDT 2026","","","3ZY8KE4ITCH81SF13X7CHZM01I3VQL","A1RQST9UG72B9D","Approved","Sat Apr 18 20:10:17 PDT 2026","Sat Apr 18 20:12:14 PDT 2026","Sun May 03 20:12:14 PDT 2026","Sun Apr 19 07:41:36 PDT 2026","","","117","69% (11/16)","69% (11/16)","69% (11/16)","Laptop","https://tactileeval.s3.us-east-1.amazonaws.com/family_datasets/Tools_Instruments_and_Appliances/Laptop/Natural/2.jpeg","https://tactileeval.s3.us-east-1.amazonaws.com/family_datasets/Tools_Instruments_and_Appliances/Laptop/Tactile/2.png","","Laptop","https://tactileeval.s3.us-east-1.amazonaws.com/family_datasets/Tools_Instruments_and_Appliances/Laptop/Natural/3.jpeg","https://tactileeval.s3.us-east-1.amazonaws.com/family_datasets/Tools_Instruments_and_Appliances/Laptop/Tactile/3.jpeg","","Laptop","https://tactileeval.s3.us-east-1.amazonaws.com/family_datasets/Tools_Instruments_and_Appliances/Laptop/Natural/4.jpeg","https://tactileeval.s3.us-east-1.amazonaws.com/family_datasets/Tools_Instruments_and_Appliances/Laptop/Tactile/4.jpeg","","Laptop","https://tactileeval.s3.us-east-1.amazonaws.com/family_datasets/Tools_Instruments_and_Appliances/Laptop/Natural/5.jpeg","https://tactileeval.s3.us-east-1.amazonaws.com/family_datasets/Tools_Instruments_and_Appliances/Laptop/Tactile/5.jpeg","","Laptop","https://tactileeval.s3.us-east-1.amazonaws.com/family_datasets/Tools_Instruments_and_Appliances/Laptop/Natural/6.jpeg","https://tactileeval.s3.us-east-1.amazonaws.com/family_datasets/Tools_Instruments_and_Appliances/Laptop/Tactile/6.jpeg","","Laptop","https://tactileeval.s3.us-east-1.amazonaws.com/family_datasets/Tools_Instruments_and_Appliances/Laptop/Natural/7.jpeg","https://tactileeval.s3.us-east-1.amazonaws.com/family_datasets/Tools_Instruments_and_Appliances/Laptop/Tactile/7.jpeg","","Laptop","https://tactileeval.s3.us-east-1.amazonaws.com/family_datasets/Tools_Instruments_and_Appliances/Laptop/Natural/8.jpeg","https://tactileeval.s3.us-east-1.amazonaws.com/family_datasets/Tools_Instruments_and_Appliances/Laptop/Tactile/8.jpeg","","Laptop","https://tactileeval.s3.us-east-1.amazonaws.com/family_datasets/Tools_Instruments_and_Appliances/Laptop/Natural/9.jpeg","https://tactileeval.s3.us-east-1.amazonaws.com/family_datasets/Tools_Instruments_and_Appliances/Laptop/Tactile/9.jpeg","","Laptop","https://tactileeval.s3.us-east-1.amazonaws.com/family_datasets/Tools_Instruments_and_Appliances/Laptop/Natural/10.jpeg","https://tactileeval.s3.us-east-1.amazonaws.com/family_datasets/Tools_Instruments_and_Appliances/Laptop/Tactile/10.jpeg","","Laptop","https://tactileeval.s3.us-east-1.amazonaws.com/family_datasets/Tools_Instruments_and_Appliances/Laptop/Natural/11.jpeg","https://tactileeval.s3.us-east-1.amazonaws.com/family_datasets/Tools_Instruments_and_Appliances/Laptop/Tactile/11.jpeg","","[{""question1"":{""orientation_match"":true,""view_frontal"":false,""view_perspective"":true,""view_side"":false,""view_top"":false},""question10"":{""orientation_match"":true,""view_frontal"":false,""view_perspective"":true,""view_side"":false,""view_top"":false},""question2"":{""orientation_match"":true,""view_frontal"":false,""view_perspective"":true,""view_side"":false,""view_top"":false},""question3"":{""orientation_match"":true,""view_frontal"":false,""view_perspective"":true,""view_side"":false,""view_top"":false},""question4"":{""orientation_match"":true,""view_frontal"":false,""view_perspective"":true,""view_side"":false,""view_top"":false},""question5"":{""orientation_match"":true,""view_frontal"":false,""view_perspective"":true,""view_side"":false,""view_top"":false},""question6"":{""orientation_match"":true,""view_frontal"":false,""view_perspective"":true,""view_side"":false,""view_top"":false},""question7"":{""orientation_match"":true,""view_frontal"":false,""view_perspective"":true,""view_side"":false,""view_top"":false},""question8"":{""orientation_match"":true,""view_frontal"":false,""view_perspective"":true,""view_side"":false,""view_top"":false},""question9"":{""orientation_match"":true,""view_frontal"":false,""view_perspective"":true,""view_side"":false,""view_top"":false}}]"
"33W1NHWFZ9Z0G8EAVWL9JQEQ5W8ZT4","3BHRGUFAI0A6J7Y48A1RI398KZKSCH","Categorize images based on view.","Review 10 line-arts and judge if it has same or different views. Identify view for each tactile. (10 pairs)","tactile, image review, accessibility, tools, instruments and appliances","$0.08","Sat Apr 18 18:48:16 PDT 2026","9","BatchId:5385948;OriginalHitTemplateId:928390873;","1800","1296000","Sat Apr 25 18:48:16 PDT 2026","","","3DIP6YHAQ56LTDTJMD12V4DE7HL8EO","AJZHPDCKUVRM8","Approved","Sat Apr 18 22:10:24 PDT 2026","Sat Apr 18 22:11:00 PDT 2026","Sun May 03 22:11:00 PDT 2026","Sun Apr 19 07:41:36 PDT 2026","","","36","86% (68/79)","86% (68/79)","86% (68/79)","Laptop","https://tactileeval.s3.us-east-1.amazonaws.com/family_datasets/Tools_Instruments_and_Appliances/Laptop/Natural/2.jpeg","https://tactileeval.s3.us-east-1.amazonaws.com/family_datasets/Tools_Instruments_and_Appliances/Laptop/Tactile/2.png","","Laptop","https://tactileeval.s3.us-east-1.amazonaws.com/family_datasets/Tools_Instruments_and_Appliances/Laptop/Natural/3.jpeg","https://tactileeval.s3.us-east-1.amazonaws.com/family_datasets/Tools_Instruments_and_Appliances/Laptop/Tactile/3.jpeg","","Laptop","https://tactileeval.s3.us-east-1.amazonaws.com/family_datasets/Tools_Instruments_and_Appliances/Laptop/Natural/4.jpeg","https://tactileeval.s3.us-east-1.amazonaws.com/family_datasets/Tools_Instruments_and_Appliances/Laptop/Tactile/4.jpeg","","Laptop","https://tactileeval.s3.us-east-1.amazonaws.com/family_datasets/Tools_Instruments_and_Appliances/Laptop/Natural/5.jpeg","https://tactileeval.s3.us-east-1.amazonaws.com/family_datasets/Tools_Instruments_and_Appliances/Laptop/Tactile/5.jpeg","","Laptop","https://tactileeval.s3.us-east-1.amazonaws.com/family_datasets/Tools_Instruments_and_Appliances/Laptop/Natural/6.jpeg","https://tactileeval.s3.us-east-1.amazonaws.com/family_datasets/Tools_Instruments_and_Appliances/Laptop/Tactile/6.jpeg","","Laptop","https://tactileeval.s3.us-east-1.amazonaws.com/family_datasets/Tools_Instruments_and_Appliances/Laptop/Natural/7.jpeg","https://tactileeval.s3.us-east-1.amazonaws.com/family_datasets/Tools_Instruments_and_Appliances/Laptop/Tactile/7.jpeg","","Laptop","https://tactileeval.s3.us-east-1.amazonaws.com/family_datasets/Tools_Instruments_and_Appliances/Laptop/Natural/8.jpeg","https://tactileeval.s3.us-east-1.amazonaws.com/family_datasets/Tools_Instruments_and_Appliances/Laptop/Tactile/8.jpeg","","Laptop","https://tactileeval.s3.us-east-1.amazonaws.com/family_datasets/Tools_Instruments_and_Appliances/Laptop/Natural/9.jpeg","https://tactileeval.s3.us-east-1.amazonaws.com/family_datasets/Tools_Instruments_and_Appliances/Laptop/Tactile/9.jpeg","","Laptop","https://tactileeval.s3.us-east-1.amazonaws.com/family_datasets/Tools_Instruments_and_Appliances/Laptop/Natural/10.jpeg","https://tactileeval.s3.us-east-1.amazonaws.com/family_datasets/Tools_Instruments_and_Appliances/Laptop/Tactile/10.jpeg","","Laptop","https://tactileeval.s3.us-east-1.amazonaws.com/family_datasets/Tools_Instruments_and_Appliances/Laptop/Natural/11.jpeg","https://tactileeval.s3.us-east-1.amazonaws.com/family_datasets/Tools_Instruments_and_Appliances/Laptop/Tactile/11.jpeg","","[{""question1"":{""orientation_match"":false,""view_frontal"":true,""view_perspective"":false,""view_side"":false,""view_top"":false},""question10"":{""orientation_match"":true,""view_frontal"":true,""view_perspective"":false,""view_side"":false,""view_top"":false},""question2"":{""orientation_match"":false,""view_frontal"":false,""view_perspective"":false,""view_side"":false,""view_top"":true},""question3"":{""orientation_match"":true,""view_frontal"":true,""view_perspective"":false,""view_side"":false,""view_top"":false},""question4"":{""orientation_match"":true,""view_frontal"":false,""view_perspective"":true,""view_side"":false,""view_top"":false},""question5"":{""orientation_match"":true,""view_frontal"":false,""view_perspective"":true,""view_side"":false,""view_top"":false},""question6"":{""orientation_match"":true,""view_frontal"":false,""view_perspective"":true,""view_side"":false,""view_top"":false},""question7"":{""orientation_match"":true,""view_frontal"":false,""view_perspective"":true,""view_side"":false,""view_top"":false},""question8"":{""orientation_match"":true,""view_frontal"":false,""view_perspective"":true,""view_side"":false,""view_top"":false},""question9"":{""orientation_match"":true,""view_frontal"":false,""view_perspective"":true,""view_side"":false,""view_top"":false}}]"
"33W1NHWFZ9Z0G8EAVWL9JQEQ5W8ZT4","3BHRGUFAI0A6J7Y48A1RI398KZKSCH","Categorize images based on view.","Review 10 line-arts and judge if it has same or different views. Identify view for each tactile. (10 pairs)","tactile, image review, accessibility, tools, instruments and appliances","$0.08","Sat Apr 18 18:48:16 PDT 2026","9","BatchId:5385948;OriginalHitTemplateId:928390873;","1800","1296000","Sat Apr 25 18:48:16 PDT 2026","","","37C0GNLMI8HTXTWVX3TK58Z21AU6D7","A2S834OHCORO1W","Rejected","Sat Apr 18 22:11:14 PDT 2026","Sat Apr 18 22:18:09 PDT 2026","Sun May 03 22:18:09 PDT 2026","","Sun Apr 19 07:41:36 PDT 2026","Thank you for your time. Unfortunately this submission did not pass the embedded gold-standard checks; this task requires very careful attention to detail.","415","44% (4/9)","17% (1/6)","17% (1/6)","Laptop","https://tactileeval.s3.us-east-1.amazonaws.com/family_datasets/Tools_Instruments_and_Appliances/Laptop/Natural/2.jpeg","https://tactileeval.s3.us-east-1.amazonaws.com/family_datasets/Tools_Instruments_and_Appliances/Laptop/Tactile/2.png","","Laptop","https://tactileeval.s3.us-east-1.amazonaws.com/family_datasets/Tools_Instruments_and_Appliances/Laptop/Natural/3.jpeg","https://tactileeval.s3.us-east-1.amazonaws.com/family_datasets/Tools_Instruments_and_Appliances/Laptop/Tactile/3.jpeg","","Laptop","https://tactileeval.s3.us-east-1.amazonaws.com/family_datasets/Tools_Instruments_and_Appliances/Laptop/Natural/4.jpeg","https://tactileeval.s3.us-east-1.amazonaws.com/family_datasets/Tools_Instruments_and_Appliances/Laptop/Tactile/4.jpeg","","Laptop","https://tactileeval.s3.us-east-1.amazonaws.com/family_datasets/Tools_Instruments_and_Appliances/Laptop/Natural/5.jpeg","https://tactileeval.s3.us-east-1.amazonaws.com/family_datasets/Tools_Instruments_and_Appliances/Laptop/Tactile/5.jpeg","","Laptop","https://tactileeval.s3.us-east-1.amazonaws.com/family_datasets/Tools_Instruments_and_Appliances/Laptop/Natural/6.jpeg","https://tactileeval.s3.us-east-1.amazonaws.com/family_datasets/Tools_Instruments_and_Appliances/Laptop/Tactile/6.jpeg","","Laptop","https://tactileeval.s3.us-east-1.amazonaws.com/family_datasets/Tools_Instruments_and_Appliances/Laptop/Natural/7.jpeg","https://tactileeval.s3.us-east-1.amazonaws.com/family_datasets/Tools_Instruments_and_Appliances/Laptop/Tactile/7.jpeg","","Laptop","https://tactileeval.s3.us-east-1.amazonaws.com/family_datasets/Tools_Instruments_and_Appliances/Laptop/Natural/8.jpeg","https://tactileeval.s3.us-east-1.amazonaws.com/family_datasets/Tools_Instruments_and_Appliances/Laptop/Tactile/8.jpeg","","Laptop","https://tactileeval.s3.us-east-1.amazonaws.com/family_datasets/Tools_Instruments_and_Appliances/Laptop/Natural/9.jpeg","https://tactileeval.s3.us-east-1.amazonaws.com/family_datasets/Tools_Instruments_and_Appliances/Laptop/Tactile/9.jpeg","","Laptop","https://tactileeval.s3.us-east-1.amazonaws.com/family_datasets/Tools_Instruments_and_Appliances/Laptop/Natural/10.jpeg","https://tactileeval.s3.us-east-1.amazonaws.com/family_datasets/Tools_Instruments_and_Appliances/Laptop/Tactile/10.jpeg","","Laptop","https://tactileeval.s3.us-east-1.amazonaws.com/family_datasets/Tools_Instruments_and_Appliances/Laptop/Natural/11.jpeg","https://tactileeval.s3.us-east-1.amazonaws.com/family_datasets/Tools_Instruments_and_Appliances/Laptop/Tactile/11.jpeg","","[{""question1"":{""orientation_match"":true,""view_frontal"":true,""view_perspective"":false,""view_side"":false,""view_top"":false},""question10"":{""orientation_match"":true,""view_frontal"":true,""view_perspective"":false,""view_side"":false,""view_top"":false},""question2"":{""orientation_match"":true,""view_frontal"":true,""view_perspective"":false,""view_side"":false,""view_top"":false},""question3"":{""orientation_match"":true,""view_frontal"":true,""view_perspective"":false,""view_side"":false,""view_top"":false},""question4"":{""orientation_match"":true,""view_frontal"":false,""view_perspective"":false,""view_side"":true,""view_top"":false},""question5"":{""orientation_match"":false,""view_frontal"":false,""view_perspective"":false,""view_side"":false,""view_top"":true},""question6"":{""orientation_match"":true,""view_frontal"":false,""view_perspective"":true,""view_side"":false,""view_top"":false},""question7"":{""orientation_match"":true,""view_frontal"":false,""view_perspective"":false,""view_side"":true,""view_top"":false},""question8"":{""orientation_match"":true,""view_frontal"":false,""view_perspective"":false,""view_side"":true,""view_top"":false},""question9"":{""orientation_match"":true,""view_frontal"":false,""view_perspective"":true,""view_side"":false,""view_top"":false}}]"
"33W1NHWFZ9Z0G8EAVWL9JQEQ5W8ZT4","3BHRGUFAI0A6J7Y48A1RI398KZKSCH","Categorize images based on view.","Review 10 line-arts and judge if it has same or different views. Identify view for each tactile. (10 pairs)","tactile, image review, accessibility, tools, instruments and appliances","$0.08","Sat Apr 18 18:48:16 PDT 2026","9","BatchId:5385948;OriginalHitTemplateId:928390873;","1800","1296000","Sat Apr 25 18:48:16 PDT 2026","","","3IFS6Q0HKBXFS2AEWUXYXAB7B4ZIS7","A2UZP2FRACKPK1","Approved","Sat Apr 18 22:12:14 PDT 2026","Sat Apr 18 22:32:03 PDT 2026","Sun May 03 22:32:03 PDT 2026","Sun Apr 19 07:41:36 PDT 2026","","","1189","56% (5/9)","56% (5/9)","56% (5/9)","Laptop","https://tactileeval.s3.us-east-1.amazonaws.com/family_datasets/Tools_Instruments_and_Appliances/Laptop/Natural/2.jpeg","https://tactileeval.s3.us-east-1.amazonaws.com/family_datasets/Tools_Instruments_and_Appliances/Laptop/Tactile/2.png","","Laptop","https://tactileeval.s3.us-east-1.amazonaws.com/family_datasets/Tools_Instruments_and_Appliances/Laptop/Natural/3.jpeg","https://tactileeval.s3.us-east-1.amazonaws.com/family_datasets/Tools_Instruments_and_Appliances/Laptop/Tactile/3.jpeg","","Laptop","https://tactileeval.s3.us-east-1.amazonaws.com/family_datasets/Tools_Instruments_and_Appliances/Laptop/Natural/4.jpeg","https://tactileeval.s3.us-east-1.amazonaws.com/family_datasets/Tools_Instruments_and_Appliances/Laptop/Tactile/4.jpeg","","Laptop","https://tactileeval.s3.us-east-1.amazonaws.com/family_datasets/Tools_Instruments_and_Appliances/Laptop/Natural/5.jpeg","https://tactileeval.s3.us-east-1.amazonaws.com/family_datasets/Tools_Instruments_and_Appliances/Laptop/Tactile/5.jpeg","","Laptop","https://tactileeval.s3.us-east-1.amazonaws.com/family_datasets/Tools_Instruments_and_Appliances/Laptop/Natural/6.jpeg","https://tactileeval.s3.us-east-1.amazonaws.com/family_datasets/Tools_Instruments_and_Appliances/Laptop/Tactile/6.jpeg","","Laptop","https://tactileeval.s3.us-east-1.amazonaws.com/family_datasets/Tools_Instruments_and_Appliances/Laptop/Natural/7.jpeg","https://tactileeval.s3.us-east-1.amazonaws.com/family_datasets/Tools_Instruments_and_Appliances/Laptop/Tactile/7.jpeg","","Laptop","https://tactileeval.s3.us-east-1.amazonaws.com/family_datasets/Tools_Instruments_and_Appliances/Laptop/Natural/8.jpeg","https://tactileeval.s3.us-east-1.amazonaws.com/family_datasets/Tools_Instruments_and_Appliances/Laptop/Tactile/8.jpeg","","Laptop","https://tactileeval.s3.us-east-1.amazonaws.com/family_datasets/Tools_Instruments_and_Appliances/Laptop/Natural/9.jpeg","https://tactileeval.s3.us-east-1.amazonaws.com/family_datasets/Tools_Instruments_and_Appliances/Laptop/Tactile/9.jpeg","","Laptop","https://tactileeval.s3.us-east-1.amazonaws.com/family_datasets/Tools_Instruments_and_Appliances/Laptop/Natural/10.jpeg","https://tactileeval.s3.us-east-1.amazonaws.com/family_datasets/Tools_Instruments_and_Appliances/Laptop/Tactile/10.jpeg","","Laptop","https://tactileeval.s3.us-east-1.amazonaws.com/family_datasets/Tools_Instruments_and_Appliances/Laptop/Natural/11.jpeg","https://tactileeval.s3.us-east-1.amazonaws.com/family_datasets/Tools_Instruments_and_Appliances/Laptop/Tactile/11.jpeg","","[{""question1"":{""orientation_match"":true,""view_frontal"":true,""view_perspective"":false,""view_side"":false,""view_top"":false},""question10"":{""orientation_match"":true,""view_frontal"":true,""view_perspective"":false,""view_side"":false,""view_top"":false},""question2"":{""orientation_match"":true,""view_frontal"":true,""view_perspective"":false,""view_side"":false,""view_top"":false},""question3"":{""orientation_match"":true,""view_frontal"":true,""view_perspective"":false,""view_side"":false,""view_top"":false},""question4"":{""orientation_match"":true,""view_frontal"":false,""view_perspective"":true,""view_side"":false,""view_top"":false},""question5"":{""orientation_match"":true,""view_frontal"":false,""view_perspective"":true,""view_side"":false,""view_top"":false},""question6"":{""orientation_match"":true,""view_frontal"":false,""view_perspective"":true,""view_side"":false,""view_top"":false},""question7"":{""orientation_match"":true,""view_frontal"":false,""view_perspective"":true,""view_side"":false,""view_top"":false},""question8"":{""orientation_match"":true,""view_frontal"":false,""view_perspective"":true,""view_side"":false,""view_top"":false},""question9"":{""orientation_match"":true,""view_frontal"":false,""view_perspective"":true,""view_side"":false,""view_top"":false}}]"
"33W1NHWFZ9Z0G8EAVWL9JQEQ5W8ZT4","3BHRGUFAI0A6J7Y48A1RI398KZKSCH","Categorize images based on view.","Review 10 line-arts and judge if it has same or different views. Identify view for each tactile. (10 pairs)","tactile, image review, accessibility, tools, instruments and appliances","$0.08","Sat Apr 18 18:48:16 PDT 2026","9","BatchId:5385948;OriginalHitTemplateId:928390873;","1800","1296000","Sat Apr 25 18:48:16 PDT 2026","","","3PMBY0YE30H6AKSFVE1L5C8M6BQ9CL","A160C751AAPJOO","Rejected","Sat Apr 18 22:13:02 PDT 2026","Sat Apr 18 22:40:04 PDT 2026","Sun May 03 22:40:04 PDT 2026","","Sun Apr 19 07:41:36 PDT 2026","Thank you for your time. Unfortunately this submission did not pass the embedded gold-standard checks; this task requires very careful attention to detail.","1622","75% (6/8)","75% (6/8)","75% (6/8)","Laptop","https://tactileeval.s3.us-east-1.amazonaws.com/family_datasets/Tools_Instruments_and_Appliances/Laptop/Natural/2.jpeg","https://tactileeval.s3.us-east-1.amazonaws.com/family_datasets/Tools_Instruments_and_Appliances/Laptop/Tactile/2.png","","Laptop","https://tactileeval.s3.us-east-1.amazonaws.com/family_datasets/Tools_Instruments_and_Appliances/Laptop/Natural/3.jpeg","https://tactileeval.s3.us-east-1.amazonaws.com/family_datasets/Tools_Instruments_and_Appliances/Laptop/Tactile/3.jpeg","","Laptop","https://tactileeval.s3.us-east-1.amazonaws.com/family_datasets/Tools_Instruments_and_Appliances/Laptop/Natural/4.jpeg","https://tactileeval.s3.us-east-1.amazonaws.com/family_datasets/Tools_Instruments_and_Appliances/Laptop/Tactile/4.jpeg","","Laptop","https://tactileeval.s3.us-east-1.amazonaws.com/family_datasets/Tools_Instruments_and_Appliances/Laptop/Natural/5.jpeg","https://tactileeval.s3.us-east-1.amazonaws.com/family_datasets/Tools_Instruments_and_Appliances/Laptop/Tactile/5.jpeg","","Laptop","https://tactileeval.s3.us-east-1.amazonaws.com/family_datasets/Tools_Instruments_and_Appliances/Laptop/Natural/6.jpeg","https://tactileeval.s3.us-east-1.amazonaws.com/family_datasets/Tools_Instruments_and_Appliances/Laptop/Tactile/6.jpeg","","Laptop","https://tactileeval.s3.us-east-1.amazonaws.com/family_datasets/Tools_Instruments_and_Appliances/Laptop/Natural/7.jpeg","https://tactileeval.s3.us-east-1.amazonaws.com/family_datasets/Tools_Instruments_and_Appliances/Laptop/Tactile/7.jpeg","","Laptop","https://tactileeval.s3.us-east-1.amazonaws.com/family_datasets/Tools_Instruments_and_Appliances/Laptop/Natural/8.jpeg","https://tactileeval.s3.us-east-1.amazonaws.com/family_datasets/Tools_Instruments_and_Appliances/Laptop/Tactile/8.jpeg","","Laptop","https://tactileeval.s3.us-east-1.amazonaws.com/family_datasets/Tools_Instruments_and_Appliances/Laptop/Natural/9.jpeg","https://tactileeval.s3.us-east-1.amazonaws.com/family_datasets/Tools_Instruments_and_Appliances/Laptop/Tactile/9.jpeg","","Laptop","https://tactileeval.s3.us-east-1.amazonaws.com/family_datasets/Tools_Instruments_and_Appliances/Laptop/Natural/10.jpeg","https://tactileeval.s3.us-east-1.amazonaws.com/family_datasets/Tools_Instruments_and_Appliances/Laptop/Tactile/10.jpeg","","Laptop","https://tactileeval.s3.us-east-1.amazonaws.com/family_datasets/Tools_Instruments_and_Appliances/Laptop/Natural/11.jpeg","https://tactileeval.s3.us-east-1.amazonaws.com/family_datasets/Tools_Instruments_and_Appliances/Laptop/Tactile/11.jpeg","","[{""question1"":{""orientation_match"":true,""view_frontal"":true,""view_perspective"":false,""view_side"":false,""view_top"":false},""question10"":{""orientation_match"":true,""view_frontal"":true,""view_perspective"":false,""view_side"":false,""view_top"":false},""question2"":{""orientation_match"":true,""view_frontal"":true,""view_perspective"":false,""view_side"":false,""view_top"":false},""question3"":{""orientation_match"":true,""view_frontal"":true,""view_perspective"":false,""view_side"":false,""view_top"":false},""question4"":{""orientation_match"":true,""view_frontal"":false,""view_perspective"":true,""view_side"":false,""view_top"":false},""question5"":{""orientation_match"":true,""view_frontal"":false,""view_perspective"":true,""view_side"":false,""view_top"":false},""question6"":{""orientation_match"":true,""view_frontal"":false,""view_perspective"":true,""view_side"":false,""view_top"":false},""question7"":{""orientation_match"":true,""view_frontal"":false,""view_perspective"":false,""view_side"":true,""view_top"":false},""question8"":{""orientation_match"":true,""view_frontal"":false,""view_perspective"":false,""view_side"":true,""view_top"":false},""question9"":{""orientation_match"":true,""view_frontal"":false,""view_perspective"":true,""view_side"":false,""view_top"":false}}]"
"33W1NHWFZ9Z0G8EAVWL9JQEQ5W8ZT4","3BHRGUFAI0A6J7Y48A1RI398KZKSCH","Categorize images based on view.","Review 10 line-arts and judge if it has same or different views. Identify view for each tactile. (10 pairs)","tactile, image review, accessibility, tools, instruments and appliances","$0.08","Sat Apr 18 18:48:16 PDT 2026","9","BatchId:5385948;OriginalHitTemplateId:928390873;","1800","1296000","Sat Apr 25 18:48:16 PDT 2026","","","3X3OR7WP0SEZZJ3B3ZO68Z3YGF5L89","A1QO9CJ6KFDWQJ","Rejected","Sun Apr 19 07:55:10 PDT 2026","Sun Apr 19 08:12:27 PDT 2026","Mon May 04 08:12:27 PDT 2026","","Sun Apr 19 09:04:03 PDT 2026","Thank you for your time. Unfortunately this submission did not pass the embedded gold-standard checks; this task requires very careful attention to detail.","1037","0% (0/3)","0% (0/3)","0% (0/3)","Laptop","https://tactileeval.s3.us-east-1.amazonaws.com/family_datasets/Tools_Instruments_and_Appliances/Laptop/Natural/2.jpeg","https://tactileeval.s3.us-east-1.amazonaws.com/family_datasets/Tools_Instruments_and_Appliances/Laptop/Tactile/2.png","","Laptop","https://tactileeval.s3.us-east-1.amazonaws.com/family_datasets/Tools_Instruments_and_Appliances/Laptop/Natural/3.jpeg","https://tactileeval.s3.us-east-1.amazonaws.com/family_datasets/Tools_Instruments_and_Appliances/Laptop/Tactile/3.jpeg","","Laptop","https://tactileeval.s3.us-east-1.amazonaws.com/family_datasets/Tools_Instruments_and_Appliances/Laptop/Natural/4.jpeg","https://tactileeval.s3.us-east-1.amazonaws.com/family_datasets/Tools_Instruments_and_Appliances/Laptop/Tactile/4.jpeg","","Laptop","https://tactileeval.s3.us-east-1.amazonaws.com/family_datasets/Tools_Instruments_and_Appliances/Laptop/Natural/5.jpeg","https://tactileeval.s3.us-east-1.amazonaws.com/family_datasets/Tools_Instruments_and_Appliances/Laptop/Tactile/5.jpeg","","Laptop","https://tactileeval.s3.us-east-1.amazonaws.com/family_datasets/Tools_Instruments_and_Appliances/Laptop/Natural/6.jpeg","https://tactileeval.s3.us-east-1.amazonaws.com/family_datasets/Tools_Instruments_and_Appliances/Laptop/Tactile/6.jpeg","","Laptop","https://tactileeval.s3.us-east-1.amazonaws.com/family_datasets/Tools_Instruments_and_Appliances/Laptop/Natural/7.jpeg","https://tactileeval.s3.us-east-1.amazonaws.com/family_datasets/Tools_Instruments_and_Appliances/Laptop/Tactile/7.jpeg","","Laptop","https://tactileeval.s3.us-east-1.amazonaws.com/family_datasets/Tools_Instruments_and_Appliances/Laptop/Natural/8.jpeg","https://tactileeval.s3.us-east-1.amazonaws.com/family_datasets/Tools_Instruments_and_Appliances/Laptop/Tactile/8.jpeg","","Laptop","https://tactileeval.s3.us-east-1.amazonaws.com/family_datasets/Tools_Instruments_and_Appliances/Laptop/Natural/9.jpeg","https://tactileeval.s3.us-east-1.amazonaws.com/family_datasets/Tools_Instruments_and_Appliances/Laptop/Tactile/9.jpeg","","Laptop","https://tactileeval.s3.us-east-1.amazonaws.com/family_datasets/Tools_Instruments_and_Appliances/Laptop/Natural/10.jpeg","https://tactileeval.s3.us-east-1.amazonaws.com/family_datasets/Tools_Instruments_and_Appliances/Laptop/Tactile/10.jpeg","","Laptop","https://tactileeval.s3.us-east-1.amazonaws.com/family_datasets/Tools_Instruments_and_Appliances/Laptop/Natural/11.jpeg","https://tactileeval.s3.us-east-1.amazonaws.com/family_datasets/Tools_Instruments_and_Appliances/Laptop/Tactile/11.jpeg","","[{""question1"":{""orientation_match"":true,""view_frontal"":true,""view_perspective"":false,""view_side"":false,""view_top"":false},""question10"":{""orientation_match"":true,""view_frontal"":true,""view_perspective"":false,""view_side"":false,""view_top"":false},""question2"":{""orientation_match"":true,""view_frontal"":false,""view_perspective"":false,""view_side"":false,""view_top"":true},""question3"":{""orientation_match"":true,""view_frontal"":false,""view_perspective"":false,""view_side"":true,""view_top"":false},""question4"":{""orientation_match"":true,""view_frontal"":false,""view_perspective"":false,""view_side"":true,""view_top"":false},""question5"":{""orientation_match"":true,""view_frontal"":false,""view_perspective"":true,""view_side"":false,""view_top"":false},""question6"":{""orientation_match"":true,""view_frontal"":false,""view_perspective"":false,""view_side"":false,""view_top"":true},""question7"":{""orientation_match"":true,""view_frontal"":false,""view_perspective"":false,""view_side"":true,""view_top"":false},""question8"":{""orientation_match"":true,""view_frontal"":false,""view_perspective"":false,""view_side"":true,""view_top"":false},""question9"":{""orientation_match"":true,""view_frontal"":false,""view_perspective"":false,""view_side"":true,""view_top"":false}}]"
"33W1NHWFZ9Z0G8EAVWL9JQEQ5W8ZT4","3BHRGUFAI0A6J7Y48A1RI398KZKSCH","Categorize images based on view.","Review 10 line-arts and judge if it has same or different views. Identify view for each tactile. (10 pairs)","tactile, image review, accessibility, tools, instruments and appliances","$0.08","Sat Apr 18 18:48:16 PDT 2026","9","BatchId:5385948;OriginalHitTemplateId:928390873;","1800","1296000","Sat Apr 25 18:48:16 PDT 2026","","","3OF2M9AAU923Z9MGRPCI6JNNQO7KZA","AP4LB7P4K7M9L","Rejected","Sun Apr 19 08:24:58 PDT 2026","Sun Apr 19 08:47:40 PDT 2026","Mon May 04 08:47:40 PDT 2026","","Sun Apr 19 09:04:03 PDT 2026","Thank you for your time. Unfortunately this submission did not pass the embedded gold-standard checks; this task requires very careful attention to detail.","1362","40% (2/5)","40% (2/5)","40% (2/5)","Laptop","https://tactileeval.s3.us-east-1.amazonaws.com/family_datasets/Tools_Instruments_and_Appliances/Laptop/Natural/2.jpeg","https://tactileeval.s3.us-east-1.amazonaws.com/family_datasets/Tools_Instruments_and_Appliances/Laptop/Tactile/2.png","","Laptop","https://tactileeval.s3.us-east-1.amazonaws.com/family_datasets/Tools_Instruments_and_Appliances/Laptop/Natural/3.jpeg","https://tactileeval.s3.us-east-1.amazonaws.com/family_datasets/Tools_Instruments_and_Appliances/Laptop/Tactile/3.jpeg","","Laptop","https://tactileeval.s3.us-east-1.amazonaws.com/family_datasets/Tools_Instruments_and_Appliances/Laptop/Natural/4.jpeg","https://tactileeval.s3.us-east-1.amazonaws.com/family_datasets/Tools_Instruments_and_Appliances/Laptop/Tactile/4.jpeg","","Laptop","https://tactileeval.s3.us-east-1.amazonaws.com/family_datasets/Tools_Instruments_and_Appliances/Laptop/Natural/5.jpeg","https://tactileeval.s3.us-east-1.amazonaws.com/family_datasets/Tools_Instruments_and_Appliances/Laptop/Tactile/5.jpeg","","Laptop","https://tactileeval.s3.us-east-1.amazonaws.com/family_datasets/Tools_Instruments_and_Appliances/Laptop/Natural/6.jpeg","https://tactileeval.s3.us-east-1.amazonaws.com/family_datasets/Tools_Instruments_and_Appliances/Laptop/Tactile/6.jpeg","","Laptop","https://tactileeval.s3.us-east-1.amazonaws.com/family_datasets/Tools_Instruments_and_Appliances/Laptop/Natural/7.jpeg","https://tactileeval.s3.us-east-1.amazonaws.com/family_datasets/Tools_Instruments_and_Appliances/Laptop/Tactile/7.jpeg","","Laptop","https://tactileeval.s3.us-east-1.amazonaws.com/family_datasets/Tools_Instruments_and_Appliances/Laptop/Natural/8.jpeg","https://tactileeval.s3.us-east-1.amazonaws.com/family_datasets/Tools_Instruments_and_Appliances/Laptop/Tactile/8.jpeg","","Laptop","https://tactileeval.s3.us-east-1.amazonaws.com/family_datasets/Tools_Instruments_and_Appliances/Laptop/Natural/9.jpeg","https://tactileeval.s3.us-east-1.amazonaws.com/family_datasets/Tools_Instruments_and_Appliances/Laptop/Tactile/9.jpeg","","Laptop","https://tactileeval.s3.us-east-1.amazonaws.com/family_datasets/Tools_Instruments_and_Appliances/Laptop/Natural/10.jpeg","https://tactileeval.s3.us-east-1.amazonaws.com/family_datasets/Tools_Instruments_and_Appliances/Laptop/Tactile/10.jpeg","","Laptop","https://tactileeval.s3.us-east-1.amazonaws.com/family_datasets/Tools_Instruments_and_Appliances/Laptop/Natural/11.jpeg","https://tactileeval.s3.us-east-1.amazonaws.com/family_datasets/Tools_Instruments_and_Appliances/Laptop/Tactile/11.jpeg","","[{""question1"":{""orientation_match"":true,""view_frontal"":true,""view_perspective"":false,""view_side"":false,""view_top"":false},""question10"":{""orientation_match"":true,""view_frontal"":true,""view_perspective"":false,""view_side"":false,""view_top"":false},""question2"":{""orientation_match"":true,""view_frontal"":true,""view_perspective"":false,""view_side"":false,""view_top"":false},""question3"":{""orientation_match"":true,""view_frontal"":true,""view_perspective"":false,""view_side"":false,""view_top"":false},""question4"":{""orientation_match"":true,""view_frontal"":false,""view_perspective"":false,""view_side"":true,""view_top"":false},""question5"":{""orientation_match"":false,""view_frontal"":false,""view_perspective"":true,""view_side"":false,""view_top"":false},""question6"":{""orientation_match"":false,""view_frontal"":false,""view_perspective"":false,""view_side"":false,""view_top"":true},""question7"":{""orientation_match"":false,""view_frontal"":false,""view_perspective"":false,""view_side"":true,""view_top"":false},""question8"":{""orientation_match"":false,""view_frontal"":false,""view_perspective"":false,""view_side"":true,""view_top"":false},""question9"":{""orientation_match"":false,""view_frontal"":false,""view_perspective"":true,""view_side"":false,""view_top"":false}}]"
"32W3UF2E0GZ3RUOAOH0T0K1DGF64CF","3BHRGUFAI0A6J7Y48A1RI398KZKSCH","Categorize images based on view.","Review 10 line-arts and judge if it has same or different views. Identify view for each tactile. (10 pairs)","tactile, image review, accessibility, tools, instruments and appliances","$0.08","Sat Apr 18 18:48:16 PDT 2026","7","BatchId:5385948;OriginalHitTemplateId:928390873;","1800","1296000","Sat Apr 25 18:48:16 PDT 2026","","","3VNL7UK1Y8XWXBL3KMW34IU1XVZFTG","A33I0A28TLIR6J","Rejected","Sat Apr 18 18:56:02 PDT 2026","Sat Apr 18 19:06:06 PDT 2026","Sun May 03 19:06:06 PDT 2026","","Sun Apr 19 07:41:36 PDT 2026","Thank you for your time. Unfortunately this submission did not pass the embedded gold-standard checks; this task requires very careful attention to detail.","604","75% (21/28)","30% (3/10)","30% (3/10)","Pencil","https://tactileeval.s3.us-east-1.amazonaws.com/family_datasets/Tools_Instruments_and_Appliances/Pencil/Natural/1.jpg","https://tactileeval.s3.us-east-1.amazonaws.com/family_datasets/Tools_Instruments_and_Appliances/Pencil/Tactile/1.jpeg","","Pencil","https://tactileeval.s3.us-east-1.amazonaws.com/family_datasets/Tools_Instruments_and_Appliances/Pencil/Natural/2.jpg","https://tactileeval.s3.us-east-1.amazonaws.com/family_datasets/Tools_Instruments_and_Appliances/Pencil/Tactile/2.jpeg","","Pencil","https://tactileeval.s3.us-east-1.amazonaws.com/family_datasets/Tools_Instruments_and_Appliances/Pencil/Natural/3.jpg","https://tactileeval.s3.us-east-1.amazonaws.com/family_datasets/Tools_Instruments_and_Appliances/Pencil/Tactile/3.jpg","","Pencil","https://tactileeval.s3.us-east-1.amazonaws.com/family_datasets/Tools_Instruments_and_Appliances/Pencil/Natural/4.jpg","https://tactileeval.s3.us-east-1.amazonaws.com/family_datasets/Tools_Instruments_and_Appliances/Pencil/Tactile/4.jpg","","Pencil","https://tactileeval.s3.us-east-1.amazonaws.com/family_datasets/Tools_Instruments_and_Appliances/Pencil/Natural/5.jpg","https://tactileeval.s3.us-east-1.amazonaws.com/family_datasets/Tools_Instruments_and_Appliances/Pencil/Tactile/5.jpeg","","Pencil","https://tactileeval.s3.us-east-1.amazonaws.com/family_datasets/Tools_Instruments_and_Appliances/Pencil/Natural/6.jpg","https://tactileeval.s3.us-east-1.amazonaws.com/family_datasets/Tools_Instruments_and_Appliances/Pencil/Tactile/6.jpeg","","Pencil","https://tactileeval.s3.us-east-1.amazonaws.com/family_datasets/Tools_Instruments_and_Appliances/Pencil/Natural/7.jpg","https://tactileeval.s3.us-east-1.amazonaws.com/family_datasets/Tools_Instruments_and_Appliances/Pencil/Tactile/7.jpeg","","Pencil","https://tactileeval.s3.us-east-1.amazonaws.com/family_datasets/Tools_Instruments_and_Appliances/Pencil/Natural/8.jpg","https://tactileeval.s3.us-east-1.amazonaws.com/family_datasets/Tools_Instruments_and_Appliances/Pencil/Tactile/8.jpeg","","Pencil","https://tactileeval.s3.us-east-1.amazonaws.com/family_datasets/Tools_Instruments_and_Appliances/Pencil/Natural/9.jpeg","https://tactileeval.s3.us-east-1.amazonaws.com/family_datasets/Tools_Instruments_and_Appliances/Pencil/Tactile/9.jpeg","","Pencil","https://tactileeval.s3.us-east-1.amazonaws.com/family_datasets/Tools_Instruments_and_Appliances/Pencil/Natural/10.jpg","https://tactileeval.s3.us-east-1.amazonaws.com/family_datasets/Tools_Instruments_and_Appliances/Pencil/Tactile/10.jpeg","","[{""question1"":{""orientation_match"":true,""view_frontal"":false,""view_perspective"":false,""view_side"":false,""view_top"":true},""question10"":{""orientation_match"":true,""view_frontal"":true,""view_perspective"":false,""view_side"":false,""view_top"":false},""question2"":{""orientation_match"":true,""view_frontal"":false,""view_perspective"":false,""view_side"":false,""view_top"":true},""question3"":{""orientation_match"":true,""view_frontal"":false,""view_perspective"":false,""view_side"":true,""view_top"":false},""question4"":{""orientation_match"":true,""view_frontal"":false,""view_perspective"":false,""view_side"":true,""view_top"":false},""question5"":{""orientation_match"":true,""view_frontal"":false,""view_perspective"":false,""view_side"":true,""view_top"":false},""question6"":{""orientation_match"":true,""view_frontal"":false,""view_perspective"":false,""view_side"":true,""view_top"":false},""question7"":{""orientation_match"":true,""view_frontal"":false,""view_perspective"":false,""view_side"":true,""view_top"":false},""question8"":{""orientation_match"":true,""view_frontal"":false,""view_perspective"":false,""view_side"":true,""view_top"":false},""question9"":{""orientation_match"":true,""view_frontal"":false,""view_perspective"":false,""view_side"":true,""view_top"":false}}]"
"32W3UF2E0GZ3RUOAOH0T0K1DGF64CF","3BHRGUFAI0A6J7Y48A1RI398KZKSCH","Categorize images based on view.","Review 10 line-arts and judge if it has same or different views. Identify view for each tactile. (10 pairs)","tactile, image review, accessibility, tools, instruments and appliances","$0.08","Sat Apr 18 18:48:16 PDT 2026","7","BatchId:5385948;OriginalHitTemplateId:928390873;","1800","1296000","Sat Apr 25 18:48:16 PDT 2026","","","3NS0A6KXDXMYXNQX1YR38RVUJ6WZGQ","AANFSTZSFMWNW","Rejected","Sat Apr 18 19:10:30 PDT 2026","Sat Apr 18 19:11:11 PDT 2026","Sun May 03 19:11:11 PDT 2026","","Sun Apr 19 07:41:36 PDT 2026","Thank you for your time. Unfortunately this submission did not pass the embedded gold-standard checks; this task requires very careful attention to detail.","41","88% (146/165)","25% (3/12)","25% (3/12)","Pencil","https://tactileeval.s3.us-east-1.amazonaws.com/family_datasets/Tools_Instruments_and_Appliances/Pencil/Natural/1.jpg","https://tactileeval.s3.us-east-1.amazonaws.com/family_datasets/Tools_Instruments_and_Appliances/Pencil/Tactile/1.jpeg","","Pencil","https://tactileeval.s3.us-east-1.amazonaws.com/family_datasets/Tools_Instruments_and_Appliances/Pencil/Natural/2.jpg","https://tactileeval.s3.us-east-1.amazonaws.com/family_datasets/Tools_Instruments_and_Appliances/Pencil/Tactile/2.jpeg","","Pencil","https://tactileeval.s3.us-east-1.amazonaws.com/family_datasets/Tools_Instruments_and_Appliances/Pencil/Natural/3.jpg","https://tactileeval.s3.us-east-1.amazonaws.com/family_datasets/Tools_Instruments_and_Appliances/Pencil/Tactile/3.jpg","","Pencil","https://tactileeval.s3.us-east-1.amazonaws.com/family_datasets/Tools_Instruments_and_Appliances/Pencil/Natural/4.jpg","https://tactileeval.s3.us-east-1.amazonaws.com/family_datasets/Tools_Instruments_and_Appliances/Pencil/Tactile/4.jpg","","Pencil","https://tactileeval.s3.us-east-1.amazonaws.com/family_datasets/Tools_Instruments_and_Appliances/Pencil/Natural/5.jpg","https://tactileeval.s3.us-east-1.amazonaws.com/family_datasets/Tools_Instruments_and_Appliances/Pencil/Tactile/5.jpeg","","Pencil","https://tactileeval.s3.us-east-1.amazonaws.com/family_datasets/Tools_Instruments_and_Appliances/Pencil/Natural/6.jpg","https://tactileeval.s3.us-east-1.amazonaws.com/family_datasets/Tools_Instruments_and_Appliances/Pencil/Tactile/6.jpeg","","Pencil","https://tactileeval.s3.us-east-1.amazonaws.com/family_datasets/Tools_Instruments_and_Appliances/Pencil/Natural/7.jpg","https://tactileeval.s3.us-east-1.amazonaws.com/family_datasets/Tools_Instruments_and_Appliances/Pencil/Tactile/7.jpeg","","Pencil","https://tactileeval.s3.us-east-1.amazonaws.com/family_datasets/Tools_Instruments_and_Appliances/Pencil/Natural/8.jpg","https://tactileeval.s3.us-east-1.amazonaws.com/family_datasets/Tools_Instruments_and_Appliances/Pencil/Tactile/8.jpeg","","Pencil","https://tactileeval.s3.us-east-1.amazonaws.com/family_datasets/Tools_Instruments_and_Appliances/Pencil/Natural/9.jpeg","https://tactileeval.s3.us-east-1.amazonaws.com/family_datasets/Tools_Instruments_and_Appliances/Pencil/Tactile/9.jpeg","","Pencil","https://tactileeval.s3.us-east-1.amazonaws.com/family_datasets/Tools_Instruments_and_Appliances/Pencil/Natural/10.jpg","https://tactileeval.s3.us-east-1.amazonaws.com/family_datasets/Tools_Instruments_and_Appliances/Pencil/Tactile/10.jpeg","","[{""question1"":{""orientation_match"":true,""view_frontal"":false,""view_perspective"":false,""view_side"":true,""view_top"":false},""question10"":{""orientation_match"":true,""view_frontal"":true,""view_perspective"":false,""view_side"":false,""view_top"":false},""question2"":{""orientation_match"":true,""view_frontal"":true,""view_perspective"":false,""view_side"":false,""view_top"":false},""question3"":{""orientation_match"":true,""view_frontal"":false,""view_perspective"":false,""view_side"":false,""view_top"":true},""question4"":{""orientation_match"":true,""view_frontal"":true,""view_perspective"":false,""view_side"":false,""view_top"":false},""question5"":{""orientation_match"":true,""view_frontal"":false,""view_perspective"":false,""view_side"":true,""view_top"":false},""question6"":{""orientation_match"":true,""view_frontal"":true,""view_perspective"":false,""view_side"":false,""view_top"":false},""question7"":{""orientation_match"":true,""view_frontal"":false,""view_perspective"":true,""view_side"":false,""view_top"":false},""question8"":{""orientation_match"":true,""view_frontal"":true,""view_perspective"":false,""view_side"":false,""view_top"":false},""question9"":{""orientation_match"":true,""view_frontal"":false,""view_perspective"":false,""view_side"":true,""view_top"":false}}]"
"32W3UF2E0GZ3RUOAOH0T0K1DGF64CF","3BHRGUFAI0A6J7Y48A1RI398KZKSCH","Categorize images based on view.","Review 10 line-arts and judge if it has same or different views. Identify view for each tactile. (10 pairs)","tactile, image review, accessibility, tools, instruments and appliances","$0.08","Sat Apr 18 18:48:16 PDT 2026","7","BatchId:5385948;OriginalHitTemplateId:928390873;","1800","1296000","Sat Apr 25 18:48:16 PDT 2026","","","3STRJBFXPP57DXDHLXN0KVM65RVTKB","A1RQST9UG72B9D","Rejected","Sat Apr 18 20:15:12 PDT 2026","Sat Apr 18 20:18:27 PDT 2026","Sun May 03 20:18:27 PDT 2026","","Sun Apr 19 07:41:36 PDT 2026","Thank you for your time. Unfortunately this submission did not pass the embedded gold-standard checks; this task requires very careful attention to detail.","195","69% (11/16)","69% (11/16)","69% (11/16)","Pencil","https://tactileeval.s3.us-east-1.amazonaws.com/family_datasets/Tools_Instruments_and_Appliances/Pencil/Natural/1.jpg","https://tactileeval.s3.us-east-1.amazonaws.com/family_datasets/Tools_Instruments_and_Appliances/Pencil/Tactile/1.jpeg","","Pencil","https://tactileeval.s3.us-east-1.amazonaws.com/family_datasets/Tools_Instruments_and_Appliances/Pencil/Natural/2.jpg","https://tactileeval.s3.us-east-1.amazonaws.com/family_datasets/Tools_Instruments_and_Appliances/Pencil/Tactile/2.jpeg","","Pencil","https://tactileeval.s3.us-east-1.amazonaws.com/family_datasets/Tools_Instruments_and_Appliances/Pencil/Natural/3.jpg","https://tactileeval.s3.us-east-1.amazonaws.com/family_datasets/Tools_Instruments_and_Appliances/Pencil/Tactile/3.jpg","","Pencil","https://tactileeval.s3.us-east-1.amazonaws.com/family_datasets/Tools_Instruments_and_Appliances/Pencil/Natural/4.jpg","https://tactileeval.s3.us-east-1.amazonaws.com/family_datasets/Tools_Instruments_and_Appliances/Pencil/Tactile/4.jpg","","Pencil","https://tactileeval.s3.us-east-1.amazonaws.com/family_datasets/Tools_Instruments_and_Appliances/Pencil/Natural/5.jpg","https://tactileeval.s3.us-east-1.amazonaws.com/family_datasets/Tools_Instruments_and_Appliances/Pencil/Tactile/5.jpeg","","Pencil","https://tactileeval.s3.us-east-1.amazonaws.com/family_datasets/Tools_Instruments_and_Appliances/Pencil/Natural/6.jpg","https://tactileeval.s3.us-east-1.amazonaws.com/family_datasets/Tools_Instruments_and_Appliances/Pencil/Tactile/6.jpeg","","Pencil","https://tactileeval.s3.us-east-1.amazonaws.com/family_datasets/Tools_Instruments_and_Appliances/Pencil/Natural/7.jpg","https://tactileeval.s3.us-east-1.amazonaws.com/family_datasets/Tools_Instruments_and_Appliances/Pencil/Tactile/7.jpeg","","Pencil","https://tactileeval.s3.us-east-1.amazonaws.com/family_datasets/Tools_Instruments_and_Appliances/Pencil/Natural/8.jpg","https://tactileeval.s3.us-east-1.amazonaws.com/family_datasets/Tools_Instruments_and_Appliances/Pencil/Tactile/8.jpeg","","Pencil","https://tactileeval.s3.us-east-1.amazonaws.com/family_datasets/Tools_Instruments_and_Appliances/Pencil/Natural/9.jpeg","https://tactileeval.s3.us-east-1.amazonaws.com/family_datasets/Tools_Instruments_and_Appliances/Pencil/Tactile/9.jpeg","","Pencil","https://tactileeval.s3.us-east-1.amazonaws.com/family_datasets/Tools_Instruments_and_Appliances/Pencil/Natural/10.jpg","https://tactileeval.s3.us-east-1.amazonaws.com/family_datasets/Tools_Instruments_and_Appliances/Pencil/Tactile/10.jpeg","","[{""question1"":{""orientation_match"":false,""view_frontal"":false,""view_perspective"":false,""view_side"":false,""view_top"":true},""question10"":{""orientation_match"":true,""view_frontal"":false,""view_perspective"":false,""view_side"":false,""view_top"":true},""question2"":{""orientation_match"":true,""view_frontal"":false,""view_perspective"":false,""view_side"":false,""view_top"":true},""question3"":{""orientation_match"":true,""view_frontal"":false,""view_perspective"":true,""view_side"":false,""view_top"":false},""question4"":{""orientation_match"":true,""view_frontal"":false,""view_perspective"":false,""view_side"":false,""view_top"":true},""question5"":{""orientation_match"":true,""view_frontal"":false,""view_perspective"":true,""view_side"":false,""view_top"":false},""question6"":{""orientation_match"":true,""view_frontal"":false,""view_perspective"":false,""view_side"":false,""view_top"":true},""question7"":{""orientation_match"":true,""view_frontal"":false,""view_perspective"":false,""view_side"":false,""view_top"":true},""question8"":{""orientation_match"":true,""view_frontal"":false,""view_perspective"":true,""view_side"":false,""view_top"":false},""question9"":{""orientation_match"":true,""view_frontal"":false,""view_perspective"":false,""view_side"":true,""view_top"":false}}]"
"32W3UF2E0GZ3RUOAOH0T0K1DGF64CF","3BHRGUFAI0A6J7Y48A1RI398KZKSCH","Categorize images based on view.","Review 10 line-arts and judge if it has same or different views. Identify view for each tactile. (10 pairs)","tactile, image review, accessibility, tools, instruments and appliances","$0.08","Sat Apr 18 18:48:16 PDT 2026","7","BatchId:5385948;OriginalHitTemplateId:928390873;","1800","1296000","Sat Apr 25 18:48:16 PDT 2026","","","3OWEPKL092QLN51D57CF7RBSAPCN71","A312G4F6TIKFFQ","Rejected","Sat Apr 18 20:52:06 PDT 2026","Sat Apr 18 20:52:54 PDT 2026","Sun May 03 20:52:54 PDT 2026","","Sun Apr 19 07:41:36 PDT 2026","Thank you for your time. Unfortunately this submission did not pass the embedded gold-standard checks; this task requires very careful attention to detail.","48","70% (26/37)","35% (6/17)","35% (6/17)","Pencil","https://tactileeval.s3.us-east-1.amazonaws.com/family_datasets/Tools_Instruments_and_Appliances/Pencil/Natural/1.jpg","https://tactileeval.s3.us-east-1.amazonaws.com/family_datasets/Tools_Instruments_and_Appliances/Pencil/Tactile/1.jpeg","","Pencil","https://tactileeval.s3.us-east-1.amazonaws.com/family_datasets/Tools_Instruments_and_Appliances/Pencil/Natural/2.jpg","https://tactileeval.s3.us-east-1.amazonaws.com/family_datasets/Tools_Instruments_and_Appliances/Pencil/Tactile/2.jpeg","","Pencil","https://tactileeval.s3.us-east-1.amazonaws.com/family_datasets/Tools_Instruments_and_Appliances/Pencil/Natural/3.jpg","https://tactileeval.s3.us-east-1.amazonaws.com/family_datasets/Tools_Instruments_and_Appliances/Pencil/Tactile/3.jpg","","Pencil","https://tactileeval.s3.us-east-1.amazonaws.com/family_datasets/Tools_Instruments_and_Appliances/Pencil/Natural/4.jpg","https://tactileeval.s3.us-east-1.amazonaws.com/family_datasets/Tools_Instruments_and_Appliances/Pencil/Tactile/4.jpg","","Pencil","https://tactileeval.s3.us-east-1.amazonaws.com/family_datasets/Tools_Instruments_and_Appliances/Pencil/Natural/5.jpg","https://tactileeval.s3.us-east-1.amazonaws.com/family_datasets/Tools_Instruments_and_Appliances/Pencil/Tactile/5.jpeg","","Pencil","https://tactileeval.s3.us-east-1.amazonaws.com/family_datasets/Tools_Instruments_and_Appliances/Pencil/Natural/6.jpg","https://tactileeval.s3.us-east-1.amazonaws.com/family_datasets/Tools_Instruments_and_Appliances/Pencil/Tactile/6.jpeg","","Pencil","https://tactileeval.s3.us-east-1.amazonaws.com/family_datasets/Tools_Instruments_and_Appliances/Pencil/Natural/7.jpg","https://tactileeval.s3.us-east-1.amazonaws.com/family_datasets/Tools_Instruments_and_Appliances/Pencil/Tactile/7.jpeg","","Pencil","https://tactileeval.s3.us-east-1.amazonaws.com/family_datasets/Tools_Instruments_and_Appliances/Pencil/Natural/8.jpg","https://tactileeval.s3.us-east-1.amazonaws.com/family_datasets/Tools_Instruments_and_Appliances/Pencil/Tactile/8.jpeg","","Pencil","https://tactileeval.s3.us-east-1.amazonaws.com/family_datasets/Tools_Instruments_and_Appliances/Pencil/Natural/9.jpeg","https://tactileeval.s3.us-east-1.amazonaws.com/family_datasets/Tools_Instruments_and_Appliances/Pencil/Tactile/9.jpeg","","Pencil","https://tactileeval.s3.us-east-1.amazonaws.com/family_datasets/Tools_Instruments_and_Appliances/Pencil/Natural/10.jpg","https://tactileeval.s3.us-east-1.amazonaws.com/family_datasets/Tools_Instruments_and_Appliances/Pencil/Tactile/10.jpeg","","[{""question1"":{""orientation_match"":false,""view_frontal"":true,""view_perspective"":false,""view_side"":false,""view_top"":false},""question10"":{""orientation_match"":true,""view_frontal"":true,""view_perspective"":false,""view_side"":false,""view_top"":false},""question2"":{""orientation_match"":false,""view_frontal"":false,""view_perspective"":false,""view_side"":true,""view_top"":false},""question3"":{""orientation_match"":false,""view_frontal"":true,""view_perspective"":false,""view_side"":false,""view_top"":false},""question4"":{""orientation_match"":false,""view_frontal"":false,""view_perspective"":true,""view_side"":false,""view_top"":false},""question5"":{""orientation_match"":false,""view_frontal"":false,""view_perspective"":true,""view_side"":false,""view_top"":false},""question6"":{""orientation_match"":false,""view_frontal"":false,""view_perspective"":true,""view_side"":false,""view_top"":false},""question7"":{""orientation_match"":true,""view_frontal"":true,""view_perspective"":false,""view_side"":false,""view_top"":false},""question8"":{""orientation_match"":true,""view_frontal"":false,""view_perspective"":true,""view_side"":false,""view_top"":false},""question9"":{""orientation_match"":true,""view_frontal"":false,""view_perspective"":false,""view_side"":true,""view_top"":false}}]"
"32W3UF2E0GZ3RUOAOH0T0K1DGF64CF","3BHRGUFAI0A6J7Y48A1RI398KZKSCH","Categorize images based on view.","Review 10 line-arts and judge if it has same or different views. Identify view for each tactile. (10 pairs)","tactile, image review, accessibility, tools, instruments and appliances","$0.08","Sat Apr 18 18:48:16 PDT 2026","7","BatchId:5385948;OriginalHitTemplateId:928390873;","1800","1296000","Sat Apr 25 18:48:16 PDT 2026","","","386CSBG1PS0NM2002PZ45761KPIQ6V","AJZHPDCKUVRM8","Rejected","Sat Apr 18 22:09:11 PDT 2026","Sat Apr 18 22:10:17 PDT 2026","Sun May 03 22:10:17 PDT 2026","","Sun Apr 19 07:41:37 PDT 2026","Thank you for your time. Unfortunately this submission did not pass the embedded gold-standard checks; this task requires very careful attention to detail.","66","86% (68/79)","86% (68/79)","86% (68/79)","Pencil","https://tactileeval.s3.us-east-1.amazonaws.com/family_datasets/Tools_Instruments_and_Appliances/Pencil/Natural/1.jpg","https://tactileeval.s3.us-east-1.amazonaws.com/family_datasets/Tools_Instruments_and_Appliances/Pencil/Tactile/1.jpeg","","Pencil","https://tactileeval.s3.us-east-1.amazonaws.com/family_datasets/Tools_Instruments_and_Appliances/Pencil/Natural/2.jpg","https://tactileeval.s3.us-east-1.amazonaws.com/family_datasets/Tools_Instruments_and_Appliances/Pencil/Tactile/2.jpeg","","Pencil","https://tactileeval.s3.us-east-1.amazonaws.com/family_datasets/Tools_Instruments_and_Appliances/Pencil/Natural/3.jpg","https://tactileeval.s3.us-east-1.amazonaws.com/family_datasets/Tools_Instruments_and_Appliances/Pencil/Tactile/3.jpg","","Pencil","https://tactileeval.s3.us-east-1.amazonaws.com/family_datasets/Tools_Instruments_and_Appliances/Pencil/Natural/4.jpg","https://tactileeval.s3.us-east-1.amazonaws.com/family_datasets/Tools_Instruments_and_Appliances/Pencil/Tactile/4.jpg","","Pencil","https://tactileeval.s3.us-east-1.amazonaws.com/family_datasets/Tools_Instruments_and_Appliances/Pencil/Natural/5.jpg","https://tactileeval.s3.us-east-1.amazonaws.com/family_datasets/Tools_Instruments_and_Appliances/Pencil/Tactile/5.jpeg","","Pencil","https://tactileeval.s3.us-east-1.amazonaws.com/family_datasets/Tools_Instruments_and_Appliances/Pencil/Natural/6.jpg","https://tactileeval.s3.us-east-1.amazonaws.com/family_datasets/Tools_Instruments_and_Appliances/Pencil/Tactile/6.jpeg","","Pencil","https://tactileeval.s3.us-east-1.amazonaws.com/family_datasets/Tools_Instruments_and_Appliances/Pencil/Natural/7.jpg","https://tactileeval.s3.us-east-1.amazonaws.com/family_datasets/Tools_Instruments_and_Appliances/Pencil/Tactile/7.jpeg","","Pencil","https://tactileeval.s3.us-east-1.amazonaws.com/family_datasets/Tools_Instruments_and_Appliances/Pencil/Natural/8.jpg","https://tactileeval.s3.us-east-1.amazonaws.com/family_datasets/Tools_Instruments_and_Appliances/Pencil/Tactile/8.jpeg","","Pencil","https://tactileeval.s3.us-east-1.amazonaws.com/family_datasets/Tools_Instruments_and_Appliances/Pencil/Natural/9.jpeg","https://tactileeval.s3.us-east-1.amazonaws.com/family_datasets/Tools_Instruments_and_Appliances/Pencil/Tactile/9.jpeg","","Pencil","https://tactileeval.s3.us-east-1.amazonaws.com/family_datasets/Tools_Instruments_and_Appliances/Pencil/Natural/10.jpg","https://tactileeval.s3.us-east-1.amazonaws.com/family_datasets/Tools_Instruments_and_Appliances/Pencil/Tactile/10.jpeg","","[{""question1"":{""orientation_match"":false,""view_frontal"":false,""view_perspective"":true,""view_side"":false,""view_top"":false},""question10"":{""orientation_match"":true,""view_frontal"":true,""view_perspective"":false,""view_side"":false,""view_top"":false},""question2"":{""orientation_match"":true,""view_frontal"":false,""view_perspective"":true,""view_side"":false,""view_top"":false},""question3"":{""orientation_match"":true,""view_frontal"":false,""view_perspective"":true,""view_side"":false,""view_top"":false},""question4"":{""orientation_match"":true,""view_frontal"":false,""view_perspective"":true,""view_side"":false,""view_top"":false},""question5"":{""orientation_match"":true,""view_frontal"":false,""view_perspective"":true,""view_side"":false,""view_top"":false},""question6"":{""orientation_match"":true,""view_frontal"":false,""view_perspective"":true,""view_side"":false,""view_top"":false},""question7"":{""orientation_match"":true,""view_frontal"":false,""view_perspective"":true,""view_side"":false,""view_top"":false},""question8"":{""orientation_match"":true,""view_frontal"":false,""view_perspective"":true,""view_side"":false,""view_top"":false},""question9"":{""orientation_match"":true,""view_frontal"":false,""view_perspective"":false,""view_side"":true,""view_top"":false}}]"
"32W3UF2E0GZ3RUOAOH0T0K1DGF64CF","3BHRGUFAI0A6J7Y48A1RI398KZKSCH","Categorize images based on view.","Review 10 line-arts and judge if it has same or different views. Identify view for each tactile. (10 pairs)","tactile, image review, accessibility, tools, instruments and appliances","$0.08","Sat Apr 18 18:48:16 PDT 2026","7","BatchId:5385948;OriginalHitTemplateId:928390873;","1800","1296000","Sat Apr 25 18:48:16 PDT 2026","","","3TMFV4NEQ1SFADFA7DV8HAKEELQ8W4","A2S834OHCORO1W","Rejected","Sat Apr 18 22:11:17 PDT 2026","Sat Apr 18 22:21:14 PDT 2026","Sun May 03 22:21:14 PDT 2026","","Sun Apr 19 07:41:37 PDT 2026","Thank you for your time. Unfortunately this submission did not pass the embedded gold-standard checks; this task requires very careful attention to detail.","597","44% (4/9)","17% (1/6)","17% (1/6)","Pencil","https://tactileeval.s3.us-east-1.amazonaws.com/family_datasets/Tools_Instruments_and_Appliances/Pencil/Natural/1.jpg","https://tactileeval.s3.us-east-1.amazonaws.com/family_datasets/Tools_Instruments_and_Appliances/Pencil/Tactile/1.jpeg","","Pencil","https://tactileeval.s3.us-east-1.amazonaws.com/family_datasets/Tools_Instruments_and_Appliances/Pencil/Natural/2.jpg","https://tactileeval.s3.us-east-1.amazonaws.com/family_datasets/Tools_Instruments_and_Appliances/Pencil/Tactile/2.jpeg","","Pencil","https://tactileeval.s3.us-east-1.amazonaws.com/family_datasets/Tools_Instruments_and_Appliances/Pencil/Natural/3.jpg","https://tactileeval.s3.us-east-1.amazonaws.com/family_datasets/Tools_Instruments_and_Appliances/Pencil/Tactile/3.jpg","","Pencil","https://tactileeval.s3.us-east-1.amazonaws.com/family_datasets/Tools_Instruments_and_Appliances/Pencil/Natural/4.jpg","https://tactileeval.s3.us-east-1.amazonaws.com/family_datasets/Tools_Instruments_and_Appliances/Pencil/Tactile/4.jpg","","Pencil","https://tactileeval.s3.us-east-1.amazonaws.com/family_datasets/Tools_Instruments_and_Appliances/Pencil/Natural/5.jpg","https://tactileeval.s3.us-east-1.amazonaws.com/family_datasets/Tools_Instruments_and_Appliances/Pencil/Tactile/5.jpeg","","Pencil","https://tactileeval.s3.us-east-1.amazonaws.com/family_datasets/Tools_Instruments_and_Appliances/Pencil/Natural/6.jpg","https://tactileeval.s3.us-east-1.amazonaws.com/family_datasets/Tools_Instruments_and_Appliances/Pencil/Tactile/6.jpeg","","Pencil","https://tactileeval.s3.us-east-1.amazonaws.com/family_datasets/Tools_Instruments_and_Appliances/Pencil/Natural/7.jpg","https://tactileeval.s3.us-east-1.amazonaws.com/family_datasets/Tools_Instruments_and_Appliances/Pencil/Tactile/7.jpeg","","Pencil","https://tactileeval.s3.us-east-1.amazonaws.com/family_datasets/Tools_Instruments_and_Appliances/Pencil/Natural/8.jpg","https://tactileeval.s3.us-east-1.amazonaws.com/family_datasets/Tools_Instruments_and_Appliances/Pencil/Tactile/8.jpeg","","Pencil","https://tactileeval.s3.us-east-1.amazonaws.com/family_datasets/Tools_Instruments_and_Appliances/Pencil/Natural/9.jpeg","https://tactileeval.s3.us-east-1.amazonaws.com/family_datasets/Tools_Instruments_and_Appliances/Pencil/Tactile/9.jpeg","","Pencil","https://tactileeval.s3.us-east-1.amazonaws.com/family_datasets/Tools_Instruments_and_Appliances/Pencil/Natural/10.jpg","https://tactileeval.s3.us-east-1.amazonaws.com/family_datasets/Tools_Instruments_and_Appliances/Pencil/Tactile/10.jpeg","","[{""question1"":{""orientation_match"":true,""view_frontal"":false,""view_perspective"":false,""view_side"":true,""view_top"":false},""question10"":{""orientation_match"":true,""view_frontal"":true,""view_perspective"":false,""view_side"":false,""view_top"":false},""question2"":{""orientation_match"":true,""view_frontal"":false,""view_perspective"":false,""view_side"":true,""view_top"":false},""question3"":{""orientation_match"":true,""view_frontal"":false,""view_perspective"":true,""view_side"":false,""view_top"":false},""question4"":{""orientation_match"":true,""view_frontal"":false,""view_perspective"":false,""view_side"":false,""view_top"":true},""question5"":{""orientation_match"":true,""view_frontal"":false,""view_perspective"":false,""view_side"":false,""view_top"":true},""question6"":{""orientation_match"":true,""view_frontal"":false,""view_perspective"":false,""view_side"":false,""view_top"":true},""question7"":{""orientation_match"":true,""view_frontal"":false,""view_perspective"":true,""view_side"":false,""view_top"":false},""question8"":{""orientation_match"":true,""view_frontal"":false,""view_perspective"":false,""view_side"":true,""view_top"":false},""question9"":{""orientation_match"":true,""view_frontal"":false,""view_perspective"":false,""view_side"":true,""view_top"":false}}]"
"32W3UF2E0GZ3RUOAOH0T0K1DGF64CF","3BHRGUFAI0A6J7Y48A1RI398KZKSCH","Categorize images based on view.","Review 10 line-arts and judge if it has same or different views. Identify view for each tactile. (10 pairs)","tactile, image review, accessibility, tools, instruments and appliances","$0.08","Sat Apr 18 18:48:16 PDT 2026","7","BatchId:5385948;OriginalHitTemplateId:928390873;","1800","1296000","Sat Apr 25 18:48:16 PDT 2026","","","33FOTY3KFFZOLFPKR1MSQ6Q38Z21C4","A2UZP2FRACKPK1","Rejected","Sat Apr 18 22:12:15 PDT 2026","Sat Apr 18 22:32:56 PDT 2026","Sun May 03 22:32:56 PDT 2026","","Sun Apr 19 07:41:37 PDT 2026","Thank you for your time. Unfortunately this submission did not pass the embedded gold-standard checks; this task requires very careful attention to detail.","1241","56% (5/9)","56% (5/9)","56% (5/9)","Pencil","https://tactileeval.s3.us-east-1.amazonaws.com/family_datasets/Tools_Instruments_and_Appliances/Pencil/Natural/1.jpg","https://tactileeval.s3.us-east-1.amazonaws.com/family_datasets/Tools_Instruments_and_Appliances/Pencil/Tactile/1.jpeg","","Pencil","https://tactileeval.s3.us-east-1.amazonaws.com/family_datasets/Tools_Instruments_and_Appliances/Pencil/Natural/2.jpg","https://tactileeval.s3.us-east-1.amazonaws.com/family_datasets/Tools_Instruments_and_Appliances/Pencil/Tactile/2.jpeg","","Pencil","https://tactileeval.s3.us-east-1.amazonaws.com/family_datasets/Tools_Instruments_and_Appliances/Pencil/Natural/3.jpg","https://tactileeval.s3.us-east-1.amazonaws.com/family_datasets/Tools_Instruments_and_Appliances/Pencil/Tactile/3.jpg","","Pencil","https://tactileeval.s3.us-east-1.amazonaws.com/family_datasets/Tools_Instruments_and_Appliances/Pencil/Natural/4.jpg","https://tactileeval.s3.us-east-1.amazonaws.com/family_datasets/Tools_Instruments_and_Appliances/Pencil/Tactile/4.jpg","","Pencil","https://tactileeval.s3.us-east-1.amazonaws.com/family_datasets/Tools_Instruments_and_Appliances/Pencil/Natural/5.jpg","https://tactileeval.s3.us-east-1.amazonaws.com/family_datasets/Tools_Instruments_and_Appliances/Pencil/Tactile/5.jpeg","","Pencil","https://tactileeval.s3.us-east-1.amazonaws.com/family_datasets/Tools_Instruments_and_Appliances/Pencil/Natural/6.jpg","https://tactileeval.s3.us-east-1.amazonaws.com/family_datasets/Tools_Instruments_and_Appliances/Pencil/Tactile/6.jpeg","","Pencil","https://tactileeval.s3.us-east-1.amazonaws.com/family_datasets/Tools_Instruments_and_Appliances/Pencil/Natural/7.jpg","https://tactileeval.s3.us-east-1.amazonaws.com/family_datasets/Tools_Instruments_and_Appliances/Pencil/Tactile/7.jpeg","","Pencil","https://tactileeval.s3.us-east-1.amazonaws.com/family_datasets/Tools_Instruments_and_Appliances/Pencil/Natural/8.jpg","https://tactileeval.s3.us-east-1.amazonaws.com/family_datasets/Tools_Instruments_and_Appliances/Pencil/Tactile/8.jpeg","","Pencil","https://tactileeval.s3.us-east-1.amazonaws.com/family_datasets/Tools_Instruments_and_Appliances/Pencil/Natural/9.jpeg","https://tactileeval.s3.us-east-1.amazonaws.com/family_datasets/Tools_Instruments_and_Appliances/Pencil/Tactile/9.jpeg","","Pencil","https://tactileeval.s3.us-east-1.amazonaws.com/family_datasets/Tools_Instruments_and_Appliances/Pencil/Natural/10.jpg","https://tactileeval.s3.us-east-1.amazonaws.com/family_datasets/Tools_Instruments_and_Appliances/Pencil/Tactile/10.jpeg","","[{""question1"":{""orientation_match"":true,""view_frontal"":false,""view_perspective"":false,""view_side"":true,""view_top"":false},""question10"":{""orientation_match"":true,""view_frontal"":true,""view_perspective"":false,""view_side"":false,""view_top"":false},""question2"":{""orientation_match"":true,""view_frontal"":false,""view_perspective"":false,""view_side"":true,""view_top"":false},""question3"":{""orientation_match"":true,""view_frontal"":false,""view_perspective"":true,""view_side"":false,""view_top"":false},""question4"":{""orientation_match"":true,""view_frontal"":false,""view_perspective"":true,""view_side"":false,""view_top"":false},""question5"":{""orientation_match"":true,""view_frontal"":false,""view_perspective"":true,""view_side"":false,""view_top"":false},""question6"":{""orientation_match"":true,""view_frontal"":false,""view_perspective"":true,""view_side"":false,""view_top"":false},""question7"":{""orientation_match"":true,""view_frontal"":false,""view_perspective"":true,""view_side"":false,""view_top"":false},""question8"":{""orientation_match"":true,""view_frontal"":false,""view_perspective"":true,""view_side"":false,""view_top"":false},""question9"":{""orientation_match"":true,""view_frontal"":false,""view_perspective"":false,""view_side"":true,""view_top"":false}}]"
"32W3UF2E0GZ3RUOAOH0T0K1DGF64CF","3BHRGUFAI0A6J7Y48A1RI398KZKSCH","Categorize images based on view.","Review 10 line-arts and judge if it has same or different views. Identify view for each tactile. (10 pairs)","tactile, image review, accessibility, tools, instruments and appliances","$0.08","Sat Apr 18 18:48:16 PDT 2026","7","BatchId:5385948;OriginalHitTemplateId:928390873;","1800","1296000","Sat Apr 25 18:48:16 PDT 2026","","","3ITXP059QPXBNDUKECIY9BQ7OK7SJE","A1YI3I2KCAXRHQ","Rejected","Sun Apr 19 07:55:12 PDT 2026","Sun Apr 19 08:05:42 PDT 2026","Mon May 04 08:05:42 PDT 2026","","Sun Apr 19 09:04:03 PDT 2026","Thank you for your time. Unfortunately this submission did not pass the embedded gold-standard checks; this task requires very careful attention to detail.","630","20% (1/5)","20% (1/5)","20% (1/5)","Pencil","https://tactileeval.s3.us-east-1.amazonaws.com/family_datasets/Tools_Instruments_and_Appliances/Pencil/Natural/1.jpg","https://tactileeval.s3.us-east-1.amazonaws.com/family_datasets/Tools_Instruments_and_Appliances/Pencil/Tactile/1.jpeg","","Pencil","https://tactileeval.s3.us-east-1.amazonaws.com/family_datasets/Tools_Instruments_and_Appliances/Pencil/Natural/2.jpg","https://tactileeval.s3.us-east-1.amazonaws.com/family_datasets/Tools_Instruments_and_Appliances/Pencil/Tactile/2.jpeg","","Pencil","https://tactileeval.s3.us-east-1.amazonaws.com/family_datasets/Tools_Instruments_and_Appliances/Pencil/Natural/3.jpg","https://tactileeval.s3.us-east-1.amazonaws.com/family_datasets/Tools_Instruments_and_Appliances/Pencil/Tactile/3.jpg","","Pencil","https://tactileeval.s3.us-east-1.amazonaws.com/family_datasets/Tools_Instruments_and_Appliances/Pencil/Natural/4.jpg","https://tactileeval.s3.us-east-1.amazonaws.com/family_datasets/Tools_Instruments_and_Appliances/Pencil/Tactile/4.jpg","","Pencil","https://tactileeval.s3.us-east-1.amazonaws.com/family_datasets/Tools_Instruments_and_Appliances/Pencil/Natural/5.jpg","https://tactileeval.s3.us-east-1.amazonaws.com/family_datasets/Tools_Instruments_and_Appliances/Pencil/Tactile/5.jpeg","","Pencil","https://tactileeval.s3.us-east-1.amazonaws.com/family_datasets/Tools_Instruments_and_Appliances/Pencil/Natural/6.jpg","https://tactileeval.s3.us-east-1.amazonaws.com/family_datasets/Tools_Instruments_and_Appliances/Pencil/Tactile/6.jpeg","","Pencil","https://tactileeval.s3.us-east-1.amazonaws.com/family_datasets/Tools_Instruments_and_Appliances/Pencil/Natural/7.jpg","https://tactileeval.s3.us-east-1.amazonaws.com/family_datasets/Tools_Instruments_and_Appliances/Pencil/Tactile/7.jpeg","","Pencil","https://tactileeval.s3.us-east-1.amazonaws.com/family_datasets/Tools_Instruments_and_Appliances/Pencil/Natural/8.jpg","https://tactileeval.s3.us-east-1.amazonaws.com/family_datasets/Tools_Instruments_and_Appliances/Pencil/Tactile/8.jpeg","","Pencil","https://tactileeval.s3.us-east-1.amazonaws.com/family_datasets/Tools_Instruments_and_Appliances/Pencil/Natural/9.jpeg","https://tactileeval.s3.us-east-1.amazonaws.com/family_datasets/Tools_Instruments_and_Appliances/Pencil/Tactile/9.jpeg","","Pencil","https://tactileeval.s3.us-east-1.amazonaws.com/family_datasets/Tools_Instruments_and_Appliances/Pencil/Natural/10.jpg","https://tactileeval.s3.us-east-1.amazonaws.com/family_datasets/Tools_Instruments_and_Appliances/Pencil/Tactile/10.jpeg","","[{""question1"":{""orientation_match"":true,""view_frontal"":true,""view_perspective"":false,""view_side"":false,""view_top"":false},""question10"":{""orientation_match"":true,""view_frontal"":false,""view_perspective"":false,""view_side"":true,""view_top"":false},""question2"":{""orientation_match"":true,""view_frontal"":true,""view_perspective"":false,""view_side"":false,""view_top"":false},""question3"":{""orientation_match"":true,""view_frontal"":false,""view_perspective"":false,""view_side"":true,""view_top"":false},""question4"":{""orientation_match"":true,""view_frontal"":false,""view_perspective"":false,""view_side"":true,""view_top"":false},""question5"":{""orientation_match"":true,""view_frontal"":true,""view_perspective"":false,""view_side"":false,""view_top"":false},""question6"":{""orientation_match"":true,""view_frontal"":true,""view_perspective"":false,""view_side"":false,""view_top"":false},""question7"":{""orientation_match"":true,""view_frontal"":false,""view_perspective"":false,""view_side"":false,""view_top"":true},""question8"":{""orientation_match"":true,""view_frontal"":true,""view_perspective"":false,""view_side"":false,""view_top"":false},""question9"":{""orientation_match"":true,""view_frontal"":true,""view_perspective"":false,""view_side"":false,""view_top"":false}}]"
"32W3UF2E0GZ3RUOAOH0T0K1DGF64CF","3BHRGUFAI0A6J7Y48A1RI398KZKSCH","Categorize images based on view.","Review 10 line-arts and judge if it has same or different views. Identify view for each tactile. (10 pairs)","tactile, image review, accessibility, tools, instruments and appliances","$0.08","Sat Apr 18 18:48:16 PDT 2026","7","BatchId:5385948;OriginalHitTemplateId:928390873;","1800","1296000","Sat Apr 25 18:48:16 PDT 2026","","","34J10VATK8C3FMV14Q8T2AW6THXIQ3","A2U4DQEDXF21LE","Rejected","Sun Apr 19 08:25:29 PDT 2026","Sun Apr 19 08:36:38 PDT 2026","Mon May 04 08:36:38 PDT 2026","","Sun Apr 19 09:04:03 PDT 2026","Thank you for your time. Unfortunately this submission did not pass the embedded gold-standard checks; this task requires very careful attention to detail.","669","0% (0/2)","0% (0/2)","0% (0/2)","Pencil","https://tactileeval.s3.us-east-1.amazonaws.com/family_datasets/Tools_Instruments_and_Appliances/Pencil/Natural/1.jpg","https://tactileeval.s3.us-east-1.amazonaws.com/family_datasets/Tools_Instruments_and_Appliances/Pencil/Tactile/1.jpeg","","Pencil","https://tactileeval.s3.us-east-1.amazonaws.com/family_datasets/Tools_Instruments_and_Appliances/Pencil/Natural/2.jpg","https://tactileeval.s3.us-east-1.amazonaws.com/family_datasets/Tools_Instruments_and_Appliances/Pencil/Tactile/2.jpeg","","Pencil","https://tactileeval.s3.us-east-1.amazonaws.com/family_datasets/Tools_Instruments_and_Appliances/Pencil/Natural/3.jpg","https://tactileeval.s3.us-east-1.amazonaws.com/family_datasets/Tools_Instruments_and_Appliances/Pencil/Tactile/3.jpg","","Pencil","https://tactileeval.s3.us-east-1.amazonaws.com/family_datasets/Tools_Instruments_and_Appliances/Pencil/Natural/4.jpg","https://tactileeval.s3.us-east-1.amazonaws.com/family_datasets/Tools_Instruments_and_Appliances/Pencil/Tactile/4.jpg","","Pencil","https://tactileeval.s3.us-east-1.amazonaws.com/family_datasets/Tools_Instruments_and_Appliances/Pencil/Natural/5.jpg","https://tactileeval.s3.us-east-1.amazonaws.com/family_datasets/Tools_Instruments_and_Appliances/Pencil/Tactile/5.jpeg","","Pencil","https://tactileeval.s3.us-east-1.amazonaws.com/family_datasets/Tools_Instruments_and_Appliances/Pencil/Natural/6.jpg","https://tactileeval.s3.us-east-1.amazonaws.com/family_datasets/Tools_Instruments_and_Appliances/Pencil/Tactile/6.jpeg","","Pencil","https://tactileeval.s3.us-east-1.amazonaws.com/family_datasets/Tools_Instruments_and_Appliances/Pencil/Natural/7.jpg","https://tactileeval.s3.us-east-1.amazonaws.com/family_datasets/Tools_Instruments_and_Appliances/Pencil/Tactile/7.jpeg","","Pencil","https://tactileeval.s3.us-east-1.amazonaws.com/family_datasets/Tools_Instruments_and_Appliances/Pencil/Natural/8.jpg","https://tactileeval.s3.us-east-1.amazonaws.com/family_datasets/Tools_Instruments_and_Appliances/Pencil/Tactile/8.jpeg","","Pencil","https://tactileeval.s3.us-east-1.amazonaws.com/family_datasets/Tools_Instruments_and_Appliances/Pencil/Natural/9.jpeg","https://tactileeval.s3.us-east-1.amazonaws.com/family_datasets/Tools_Instruments_and_Appliances/Pencil/Tactile/9.jpeg","","Pencil","https://tactileeval.s3.us-east-1.amazonaws.com/family_datasets/Tools_Instruments_and_Appliances/Pencil/Natural/10.jpg","https://tactileeval.s3.us-east-1.amazonaws.com/family_datasets/Tools_Instruments_and_Appliances/Pencil/Tactile/10.jpeg","","[{""question1"":{""orientation_match"":false,""view_frontal"":true,""view_perspective"":false,""view_side"":false,""view_top"":false},""question10"":{""orientation_match"":false,""view_frontal"":true,""view_perspective"":false,""view_side"":false,""view_top"":false},""question2"":{""orientation_match"":true,""view_frontal"":false,""view_perspective"":false,""view_side"":false,""view_top"":false},""question3"":{""orientation_match"":false,""view_frontal"":false,""view_perspective"":false,""view_side"":true,""view_top"":false},""question4"":{""orientation_match"":false,""view_frontal"":true,""view_perspective"":false,""view_side"":false,""view_top"":false},""question5"":{""orientation_match"":true,""view_frontal"":false,""view_perspective"":false,""view_side"":false,""view_top"":false},""question6"":{""orientation_match"":false,""view_frontal"":false,""view_perspective"":false,""view_side"":true,""view_top"":false},""question7"":{""orientation_match"":false,""view_frontal"":false,""view_perspective"":true,""view_side"":false,""view_top"":false},""question8"":{""orientation_match"":true,""view_frontal"":false,""view_perspective"":false,""view_side"":false,""view_top"":false},""question9"":{""orientation_match"":false,""view_frontal"":true,""view_perspective"":false,""view_side"":false,""view_top"":false}}]"
"3H6W48L9GW3YULGY3SSIFCJBZRJWP6","3BHRGUFAI0A6J7Y48A1RI398KZKSCH","Categorize images based on view.","Review 10 line-arts and judge if it has same or different views. Identify view for each tactile. (10 pairs)","tactile, image review, accessibility, tools, instruments and appliances","$0.08","Sat Apr 18 18:48:16 PDT 2026","9","BatchId:5385948;OriginalHitTemplateId:928390873;","1800","1296000","Sat Apr 25 18:48:16 PDT 2026","","","3HFNH7HENASPJVP6E28QHYJQE35QGH","A33I0A28TLIR6J","Rejected","Sat Apr 18 19:01:16 PDT 2026","Sat Apr 18 19:09:17 PDT 2026","Sun May 03 19:09:17 PDT 2026","","Sun Apr 19 07:41:37 PDT 2026","Thank you for your time. Unfortunately this submission did not pass the embedded gold-standard checks; this task requires very careful attention to detail.","481","75% (21/28)","30% (3/10)","30% (3/10)","Pencil","https://tactileeval.s3.us-east-1.amazonaws.com/family_datasets/Tools_Instruments_and_Appliances/Pencil/Natural/11.png","https://tactileeval.s3.us-east-1.amazonaws.com/family_datasets/Tools_Instruments_and_Appliances/Pencil/Tactile/11.jpg","","Pencil","https://tactileeval.s3.us-east-1.amazonaws.com/family_datasets/Tools_Instruments_and_Appliances/Pencil/Natural/12.jpg","https://tactileeval.s3.us-east-1.amazonaws.com/family_datasets/Tools_Instruments_and_Appliances/Pencil/Tactile/12.jpg","","Pencil","https://tactileeval.s3.us-east-1.amazonaws.com/family_datasets/Tools_Instruments_and_Appliances/Pencil/Natural/13.jpg","https://tactileeval.s3.us-east-1.amazonaws.com/family_datasets/Tools_Instruments_and_Appliances/Pencil/Tactile/13.jpg","","Pencil","https://tactileeval.s3.us-east-1.amazonaws.com/family_datasets/Tools_Instruments_and_Appliances/Pencil/Natural/14.png","https://tactileeval.s3.us-east-1.amazonaws.com/family_datasets/Tools_Instruments_and_Appliances/Pencil/Tactile/14.jpg","","Pencil","https://tactileeval.s3.us-east-1.amazonaws.com/family_datasets/Tools_Instruments_and_Appliances/Pencil/Natural/15.png","https://tactileeval.s3.us-east-1.amazonaws.com/family_datasets/Tools_Instruments_and_Appliances/Pencil/Tactile/15.jpg","","Pencil","https://tactileeval.s3.us-east-1.amazonaws.com/family_datasets/Tools_Instruments_and_Appliances/Pencil/Natural/16.jpg","https://tactileeval.s3.us-east-1.amazonaws.com/family_datasets/Tools_Instruments_and_Appliances/Pencil/Tactile/16.jpg","","Pencil","https://tactileeval.s3.us-east-1.amazonaws.com/family_datasets/Tools_Instruments_and_Appliances/Pencil/Natural/17.png","https://tactileeval.s3.us-east-1.amazonaws.com/family_datasets/Tools_Instruments_and_Appliances/Pencil/Tactile/17.jpg","","Pencil","https://tactileeval.s3.us-east-1.amazonaws.com/family_datasets/Tools_Instruments_and_Appliances/Pencil/Natural/18.jpg","https://tactileeval.s3.us-east-1.amazonaws.com/family_datasets/Tools_Instruments_and_Appliances/Pencil/Tactile/18.jpg","","Pencil","https://tactileeval.s3.us-east-1.amazonaws.com/family_datasets/Tools_Instruments_and_Appliances/Pencil/Natural/19.jpg","https://tactileeval.s3.us-east-1.amazonaws.com/family_datasets/Tools_Instruments_and_Appliances/Pencil/Tactile/19.jpg","","Spoon","https://tactileeval.s3.us-east-1.amazonaws.com/family_datasets/Tools_Instruments_and_Appliances/Spoon/Natural/1.jpg","https://tactileeval.s3.us-east-1.amazonaws.com/family_datasets/Tools_Instruments_and_Appliances/Spoon/Tactile/1.jpeg","","[{""question1"":{""orientation_match"":true,""view_frontal"":false,""view_perspective"":false,""view_side"":true,""view_top"":false},""question10"":{""orientation_match"":true,""view_frontal"":false,""view_perspective"":false,""view_side"":false,""view_top"":true},""question2"":{""orientation_match"":true,""view_frontal"":false,""view_perspective"":false,""view_side"":true,""view_top"":false},""question3"":{""orientation_match"":true,""view_frontal"":false,""view_perspective"":false,""view_side"":true,""view_top"":false},""question4"":{""orientation_match"":true,""view_frontal"":false,""view_perspective"":false,""view_side"":true,""view_top"":false},""question5"":{""orientation_match"":true,""view_frontal"":false,""view_perspective"":false,""view_side"":true,""view_top"":false},""question6"":{""orientation_match"":true,""view_frontal"":false,""view_perspective"":false,""view_side"":true,""view_top"":false},""question7"":{""orientation_match"":true,""view_frontal"":false,""view_perspective"":false,""view_side"":true,""view_top"":false},""question8"":{""orientation_match"":true,""view_frontal"":true,""view_perspective"":false,""view_side"":false,""view_top"":false},""question9"":{""orientation_match"":true,""view_frontal"":false,""view_perspective"":false,""view_side"":true,""view_top"":false}}]"
"3H6W48L9GW3YULGY3SSIFCJBZRJWP6","3BHRGUFAI0A6J7Y48A1RI398KZKSCH","Categorize images based on view.","Review 10 line-arts and judge if it has same or different views. Identify view for each tactile. (10 pairs)","tactile, image review, accessibility, tools, instruments and appliances","$0.08","Sat Apr 18 18:48:16 PDT 2026","9","BatchId:5385948;OriginalHitTemplateId:928390873;","1800","1296000","Sat Apr 25 18:48:16 PDT 2026","","","34Q075JO2QR4RNU4FLT8V5O2ZAV010","AANFSTZSFMWNW","Rejected","Sat Apr 18 19:13:39 PDT 2026","Sat Apr 18 19:14:15 PDT 2026","Sun May 03 19:14:15 PDT 2026","","Sun Apr 19 07:41:37 PDT 2026","Thank you for your time. Unfortunately this submission did not pass the embedded gold-standard checks; this task requires very careful attention to detail.","36","88% (146/165)","25% (3/12)","25% (3/12)","Pencil","https://tactileeval.s3.us-east-1.amazonaws.com/family_datasets/Tools_Instruments_and_Appliances/Pencil/Natural/11.png","https://tactileeval.s3.us-east-1.amazonaws.com/family_datasets/Tools_Instruments_and_Appliances/Pencil/Tactile/11.jpg","","Pencil","https://tactileeval.s3.us-east-1.amazonaws.com/family_datasets/Tools_Instruments_and_Appliances/Pencil/Natural/12.jpg","https://tactileeval.s3.us-east-1.amazonaws.com/family_datasets/Tools_Instruments_and_Appliances/Pencil/Tactile/12.jpg","","Pencil","https://tactileeval.s3.us-east-1.amazonaws.com/family_datasets/Tools_Instruments_and_Appliances/Pencil/Natural/13.jpg","https://tactileeval.s3.us-east-1.amazonaws.com/family_datasets/Tools_Instruments_and_Appliances/Pencil/Tactile/13.jpg","","Pencil","https://tactileeval.s3.us-east-1.amazonaws.com/family_datasets/Tools_Instruments_and_Appliances/Pencil/Natural/14.png","https://tactileeval.s3.us-east-1.amazonaws.com/family_datasets/Tools_Instruments_and_Appliances/Pencil/Tactile/14.jpg","","Pencil","https://tactileeval.s3.us-east-1.amazonaws.com/family_datasets/Tools_Instruments_and_Appliances/Pencil/Natural/15.png","https://tactileeval.s3.us-east-1.amazonaws.com/family_datasets/Tools_Instruments_and_Appliances/Pencil/Tactile/15.jpg","","Pencil","https://tactileeval.s3.us-east-1.amazonaws.com/family_datasets/Tools_Instruments_and_Appliances/Pencil/Natural/16.jpg","https://tactileeval.s3.us-east-1.amazonaws.com/family_datasets/Tools_Instruments_and_Appliances/Pencil/Tactile/16.jpg","","Pencil","https://tactileeval.s3.us-east-1.amazonaws.com/family_datasets/Tools_Instruments_and_Appliances/Pencil/Natural/17.png","https://tactileeval.s3.us-east-1.amazonaws.com/family_datasets/Tools_Instruments_and_Appliances/Pencil/Tactile/17.jpg","","Pencil","https://tactileeval.s3.us-east-1.amazonaws.com/family_datasets/Tools_Instruments_and_Appliances/Pencil/Natural/18.jpg","https://tactileeval.s3.us-east-1.amazonaws.com/family_datasets/Tools_Instruments_and_Appliances/Pencil/Tactile/18.jpg","","Pencil","https://tactileeval.s3.us-east-1.amazonaws.com/family_datasets/Tools_Instruments_and_Appliances/Pencil/Natural/19.jpg","https://tactileeval.s3.us-east-1.amazonaws.com/family_datasets/Tools_Instruments_and_Appliances/Pencil/Tactile/19.jpg","","Spoon","https://tactileeval.s3.us-east-1.amazonaws.com/family_datasets/Tools_Instruments_and_Appliances/Spoon/Natural/1.jpg","https://tactileeval.s3.us-east-1.amazonaws.com/family_datasets/Tools_Instruments_and_Appliances/Spoon/Tactile/1.jpeg","","[{""question1"":{""orientation_match"":true,""view_frontal"":true,""view_perspective"":false,""view_side"":false,""view_top"":false},""question10"":{""orientation_match"":true,""view_frontal"":false,""view_perspective"":true,""view_side"":false,""view_top"":false},""question2"":{""orientation_match"":true,""view_frontal"":true,""view_perspective"":false,""view_side"":false,""view_top"":false},""question3"":{""orientation_match"":true,""view_frontal"":false,""view_perspective"":false,""view_side"":false,""view_top"":true},""question4"":{""orientation_match"":true,""view_frontal"":true,""view_perspective"":false,""view_side"":false,""view_top"":false},""question5"":{""orientation_match"":true,""view_frontal"":false,""view_perspective"":false,""view_side"":true,""view_top"":false},""question6"":{""orientation_match"":true,""view_frontal"":true,""view_perspective"":false,""view_side"":false,""view_top"":false},""question7"":{""orientation_match"":true,""view_frontal"":true,""view_perspective"":false,""view_side"":false,""view_top"":false},""question8"":{""orientation_match"":true,""view_frontal"":false,""view_perspective"":false,""view_side"":true,""view_top"":false},""question9"":{""orientation_match"":true,""view_frontal"":false,""view_perspective"":false,""view_side"":false,""view_top"":true}}]"
"3H6W48L9GW3YULGY3SSIFCJBZRJWP6","3BHRGUFAI0A6J7Y48A1RI398KZKSCH","Categorize images based on view.","Review 10 line-arts and judge if it has same or different views. Identify view for each tactile. (10 pairs)","tactile, image review, accessibility, tools, instruments and appliances","$0.08","Sat Apr 18 18:48:16 PDT 2026","9","BatchId:5385948;OriginalHitTemplateId:928390873;","1800","1296000","Sat Apr 25 18:48:16 PDT 2026","","","3OXV7EAXM74VF1UY4EN8SZDQAXY36Z","A1RQST9UG72B9D","Rejected","Sat Apr 18 20:03:58 PDT 2026","Sat Apr 18 20:07:53 PDT 2026","Sun May 03 20:07:53 PDT 2026","","Sun Apr 19 07:41:37 PDT 2026","Thank you for your time. Unfortunately this submission did not pass the embedded gold-standard checks; this task requires very careful attention to detail.","235","69% (11/16)","69% (11/16)","69% (11/16)","Pencil","https://tactileeval.s3.us-east-1.amazonaws.com/family_datasets/Tools_Instruments_and_Appliances/Pencil/Natural/11.png","https://tactileeval.s3.us-east-1.amazonaws.com/family_datasets/Tools_Instruments_and_Appliances/Pencil/Tactile/11.jpg","","Pencil","https://tactileeval.s3.us-east-1.amazonaws.com/family_datasets/Tools_Instruments_and_Appliances/Pencil/Natural/12.jpg","https://tactileeval.s3.us-east-1.amazonaws.com/family_datasets/Tools_Instruments_and_Appliances/Pencil/Tactile/12.jpg","","Pencil","https://tactileeval.s3.us-east-1.amazonaws.com/family_datasets/Tools_Instruments_and_Appliances/Pencil/Natural/13.jpg","https://tactileeval.s3.us-east-1.amazonaws.com/family_datasets/Tools_Instruments_and_Appliances/Pencil/Tactile/13.jpg","","Pencil","https://tactileeval.s3.us-east-1.amazonaws.com/family_datasets/Tools_Instruments_and_Appliances/Pencil/Natural/14.png","https://tactileeval.s3.us-east-1.amazonaws.com/family_datasets/Tools_Instruments_and_Appliances/Pencil/Tactile/14.jpg","","Pencil","https://tactileeval.s3.us-east-1.amazonaws.com/family_datasets/Tools_Instruments_and_Appliances/Pencil/Natural/15.png","https://tactileeval.s3.us-east-1.amazonaws.com/family_datasets/Tools_Instruments_and_Appliances/Pencil/Tactile/15.jpg","","Pencil","https://tactileeval.s3.us-east-1.amazonaws.com/family_datasets/Tools_Instruments_and_Appliances/Pencil/Natural/16.jpg","https://tactileeval.s3.us-east-1.amazonaws.com/family_datasets/Tools_Instruments_and_Appliances/Pencil/Tactile/16.jpg","","Pencil","https://tactileeval.s3.us-east-1.amazonaws.com/family_datasets/Tools_Instruments_and_Appliances/Pencil/Natural/17.png","https://tactileeval.s3.us-east-1.amazonaws.com/family_datasets/Tools_Instruments_and_Appliances/Pencil/Tactile/17.jpg","","Pencil","https://tactileeval.s3.us-east-1.amazonaws.com/family_datasets/Tools_Instruments_and_Appliances/Pencil/Natural/18.jpg","https://tactileeval.s3.us-east-1.amazonaws.com/family_datasets/Tools_Instruments_and_Appliances/Pencil/Tactile/18.jpg","","Pencil","https://tactileeval.s3.us-east-1.amazonaws.com/family_datasets/Tools_Instruments_and_Appliances/Pencil/Natural/19.jpg","https://tactileeval.s3.us-east-1.amazonaws.com/family_datasets/Tools_Instruments_and_Appliances/Pencil/Tactile/19.jpg","","Spoon","https://tactileeval.s3.us-east-1.amazonaws.com/family_datasets/Tools_Instruments_and_Appliances/Spoon/Natural/1.jpg","https://tactileeval.s3.us-east-1.amazonaws.com/family_datasets/Tools_Instruments_and_Appliances/Spoon/Tactile/1.jpeg","","[{""question1"":{""orientation_match"":true,""view_frontal"":false,""view_perspective"":true,""view_side"":false,""view_top"":false},""question10"":{""orientation_match"":true,""view_frontal"":false,""view_perspective"":false,""view_side"":false,""view_top"":true},""question2"":{""orientation_match"":true,""view_frontal"":false,""view_perspective"":true,""view_side"":false,""view_top"":false},""question3"":{""orientation_match"":false,""view_frontal"":false,""view_perspective"":false,""view_side"":false,""view_top"":true},""question4"":{""orientation_match"":false,""view_frontal"":false,""view_perspective"":false,""view_side"":false,""view_top"":true},""question5"":{""orientation_match"":true,""view_frontal"":false,""view_perspective"":true,""view_side"":false,""view_top"":false},""question6"":{""orientation_match"":true,""view_frontal"":false,""view_perspective"":false,""view_side"":false,""view_top"":true},""question7"":{""orientation_match"":true,""view_frontal"":false,""view_perspective"":true,""view_side"":false,""view_top"":false},""question8"":{""orientation_match"":true,""view_frontal"":true,""view_perspective"":false,""view_side"":false,""view_top"":false},""question9"":{""orientation_match"":true,""view_frontal"":false,""view_perspective"":true,""view_side"":false,""view_top"":false}}]"
"3H6W48L9GW3YULGY3SSIFCJBZRJWP6","3BHRGUFAI0A6J7Y48A1RI398KZKSCH","Categorize images based on view.","Review 10 line-arts and judge if it has same or different views. Identify view for each tactile. (10 pairs)","tactile, image review, accessibility, tools, instruments and appliances","$0.08","Sat Apr 18 18:48:16 PDT 2026","9","BatchId:5385948;OriginalHitTemplateId:928390873;","1800","1296000","Sat Apr 25 18:48:16 PDT 2026","","","36V4Q8R50DEPB5LSP56LU33NAPTMQX","A312G4F6TIKFFQ","Rejected","Sat Apr 18 20:47:58 PDT 2026","Sat Apr 18 20:48:52 PDT 2026","Sun May 03 20:48:52 PDT 2026","","Sun Apr 19 07:41:37 PDT 2026","Thank you for your time. Unfortunately this submission did not pass the embedded gold-standard checks; this task requires very careful attention to detail.","54","70% (26/37)","35% (6/17)","35% (6/17)","Pencil","https://tactileeval.s3.us-east-1.amazonaws.com/family_datasets/Tools_Instruments_and_Appliances/Pencil/Natural/11.png","https://tactileeval.s3.us-east-1.amazonaws.com/family_datasets/Tools_Instruments_and_Appliances/Pencil/Tactile/11.jpg","","Pencil","https://tactileeval.s3.us-east-1.amazonaws.com/family_datasets/Tools_Instruments_and_Appliances/Pencil/Natural/12.jpg","https://tactileeval.s3.us-east-1.amazonaws.com/family_datasets/Tools_Instruments_and_Appliances/Pencil/Tactile/12.jpg","","Pencil","https://tactileeval.s3.us-east-1.amazonaws.com/family_datasets/Tools_Instruments_and_Appliances/Pencil/Natural/13.jpg","https://tactileeval.s3.us-east-1.amazonaws.com/family_datasets/Tools_Instruments_and_Appliances/Pencil/Tactile/13.jpg","","Pencil","https://tactileeval.s3.us-east-1.amazonaws.com/family_datasets/Tools_Instruments_and_Appliances/Pencil/Natural/14.png","https://tactileeval.s3.us-east-1.amazonaws.com/family_datasets/Tools_Instruments_and_Appliances/Pencil/Tactile/14.jpg","","Pencil","https://tactileeval.s3.us-east-1.amazonaws.com/family_datasets/Tools_Instruments_and_Appliances/Pencil/Natural/15.png","https://tactileeval.s3.us-east-1.amazonaws.com/family_datasets/Tools_Instruments_and_Appliances/Pencil/Tactile/15.jpg","","Pencil","https://tactileeval.s3.us-east-1.amazonaws.com/family_datasets/Tools_Instruments_and_Appliances/Pencil/Natural/16.jpg","https://tactileeval.s3.us-east-1.amazonaws.com/family_datasets/Tools_Instruments_and_Appliances/Pencil/Tactile/16.jpg","","Pencil","https://tactileeval.s3.us-east-1.amazonaws.com/family_datasets/Tools_Instruments_and_Appliances/Pencil/Natural/17.png","https://tactileeval.s3.us-east-1.amazonaws.com/family_datasets/Tools_Instruments_and_Appliances/Pencil/Tactile/17.jpg","","Pencil","https://tactileeval.s3.us-east-1.amazonaws.com/family_datasets/Tools_Instruments_and_Appliances/Pencil/Natural/18.jpg","https://tactileeval.s3.us-east-1.amazonaws.com/family_datasets/Tools_Instruments_and_Appliances/Pencil/Tactile/18.jpg","","Pencil","https://tactileeval.s3.us-east-1.amazonaws.com/family_datasets/Tools_Instruments_and_Appliances/Pencil/Natural/19.jpg","https://tactileeval.s3.us-east-1.amazonaws.com/family_datasets/Tools_Instruments_and_Appliances/Pencil/Tactile/19.jpg","","Spoon","https://tactileeval.s3.us-east-1.amazonaws.com/family_datasets/Tools_Instruments_and_Appliances/Spoon/Natural/1.jpg","https://tactileeval.s3.us-east-1.amazonaws.com/family_datasets/Tools_Instruments_and_Appliances/Spoon/Tactile/1.jpeg","","[{""question1"":{""orientation_match"":true,""view_frontal"":false,""view_perspective"":true,""view_side"":false,""view_top"":false},""question10"":{""orientation_match"":true,""view_frontal"":false,""view_perspective"":false,""view_side"":false,""view_top"":true},""question2"":{""orientation_match"":true,""view_frontal"":false,""view_perspective"":false,""view_side"":false,""view_top"":true},""question3"":{""orientation_match"":true,""view_frontal"":false,""view_perspective"":false,""view_side"":true,""view_top"":false},""question4"":{""orientation_match"":true,""view_frontal"":false,""view_perspective"":true,""view_side"":false,""view_top"":false},""question5"":{""orientation_match"":true,""view_frontal"":false,""view_perspective"":false,""view_side"":true,""view_top"":false},""question6"":{""orientation_match"":true,""view_frontal"":false,""view_perspective"":false,""view_side"":true,""view_top"":false},""question7"":{""orientation_match"":true,""view_frontal"":false,""view_perspective"":false,""view_side"":true,""view_top"":false},""question8"":{""orientation_match"":true,""view_frontal"":false,""view_perspective"":false,""view_side"":false,""view_top"":true},""question9"":{""orientation_match"":true,""view_frontal"":false,""view_perspective"":true,""view_side"":false,""view_top"":false}}]"
"3H6W48L9GW3YULGY3SSIFCJBZRJWP6","3BHRGUFAI0A6J7Y48A1RI398KZKSCH","Categorize images based on view.","Review 10 line-arts and judge if it has same or different views. Identify view for each tactile. (10 pairs)","tactile, image review, accessibility, tools, instruments and appliances","$0.08","Sat Apr 18 18:48:16 PDT 2026","9","BatchId:5385948;OriginalHitTemplateId:928390873;","1800","1296000","Sat Apr 25 18:48:16 PDT 2026","","","3K2755HG6LHPGMP6YWWOZECFU9XDFH","AJZHPDCKUVRM8","Rejected","Sat Apr 18 22:11:46 PDT 2026","Sat Apr 18 22:12:19 PDT 2026","Sun May 03 22:12:19 PDT 2026","","Sun Apr 19 07:41:37 PDT 2026","Thank you for your time. Unfortunately this submission did not pass the embedded gold-standard checks; this task requires very careful attention to detail.","33","86% (68/79)","86% (68/79)","86% (68/79)","Pencil","https://tactileeval.s3.us-east-1.amazonaws.com/family_datasets/Tools_Instruments_and_Appliances/Pencil/Natural/11.png","https://tactileeval.s3.us-east-1.amazonaws.com/family_datasets/Tools_Instruments_and_Appliances/Pencil/Tactile/11.jpg","","Pencil","https://tactileeval.s3.us-east-1.amazonaws.com/family_datasets/Tools_Instruments_and_Appliances/Pencil/Natural/12.jpg","https://tactileeval.s3.us-east-1.amazonaws.com/family_datasets/Tools_Instruments_and_Appliances/Pencil/Tactile/12.jpg","","Pencil","https://tactileeval.s3.us-east-1.amazonaws.com/family_datasets/Tools_Instruments_and_Appliances/Pencil/Natural/13.jpg","https://tactileeval.s3.us-east-1.amazonaws.com/family_datasets/Tools_Instruments_and_Appliances/Pencil/Tactile/13.jpg","","Pencil","https://tactileeval.s3.us-east-1.amazonaws.com/family_datasets/Tools_Instruments_and_Appliances/Pencil/Natural/14.png","https://tactileeval.s3.us-east-1.amazonaws.com/family_datasets/Tools_Instruments_and_Appliances/Pencil/Tactile/14.jpg","","Pencil","https://tactileeval.s3.us-east-1.amazonaws.com/family_datasets/Tools_Instruments_and_Appliances/Pencil/Natural/15.png","https://tactileeval.s3.us-east-1.amazonaws.com/family_datasets/Tools_Instruments_and_Appliances/Pencil/Tactile/15.jpg","","Pencil","https://tactileeval.s3.us-east-1.amazonaws.com/family_datasets/Tools_Instruments_and_Appliances/Pencil/Natural/16.jpg","https://tactileeval.s3.us-east-1.amazonaws.com/family_datasets/Tools_Instruments_and_Appliances/Pencil/Tactile/16.jpg","","Pencil","https://tactileeval.s3.us-east-1.amazonaws.com/family_datasets/Tools_Instruments_and_Appliances/Pencil/Natural/17.png","https://tactileeval.s3.us-east-1.amazonaws.com/family_datasets/Tools_Instruments_and_Appliances/Pencil/Tactile/17.jpg","","Pencil","https://tactileeval.s3.us-east-1.amazonaws.com/family_datasets/Tools_Instruments_and_Appliances/Pencil/Natural/18.jpg","https://tactileeval.s3.us-east-1.amazonaws.com/family_datasets/Tools_Instruments_and_Appliances/Pencil/Tactile/18.jpg","","Pencil","https://tactileeval.s3.us-east-1.amazonaws.com/family_datasets/Tools_Instruments_and_Appliances/Pencil/Natural/19.jpg","https://tactileeval.s3.us-east-1.amazonaws.com/family_datasets/Tools_Instruments_and_Appliances/Pencil/Tactile/19.jpg","","Spoon","https://tactileeval.s3.us-east-1.amazonaws.com/family_datasets/Tools_Instruments_and_Appliances/Spoon/Natural/1.jpg","https://tactileeval.s3.us-east-1.amazonaws.com/family_datasets/Tools_Instruments_and_Appliances/Spoon/Tactile/1.jpeg","","[{""question1"":{""orientation_match"":true,""view_frontal"":false,""view_perspective"":true,""view_side"":false,""view_top"":false},""question10"":{""orientation_match"":true,""view_frontal"":true,""view_perspective"":false,""view_side"":false,""view_top"":false},""question2"":{""orientation_match"":true,""view_frontal"":false,""view_perspective"":true,""view_side"":false,""view_top"":false},""question3"":{""orientation_match"":true,""view_frontal"":false,""view_perspective"":true,""view_side"":false,""view_top"":false},""question4"":{""orientation_match"":true,""view_frontal"":false,""view_perspective"":true,""view_side"":false,""view_top"":false},""question5"":{""orientation_match"":true,""view_frontal"":false,""view_perspective"":true,""view_side"":false,""view_top"":false},""question6"":{""orientation_match"":true,""view_frontal"":false,""view_perspective"":true,""view_side"":false,""view_top"":false},""question7"":{""orientation_match"":false,""view_frontal"":false,""view_perspective"":true,""view_side"":false,""view_top"":false},""question8"":{""orientation_match"":true,""view_frontal"":true,""view_perspective"":false,""view_side"":false,""view_top"":false},""question9"":{""orientation_match"":true,""view_frontal"":false,""view_perspective"":true,""view_side"":false,""view_top"":false}}]"
"3H6W48L9GW3YULGY3SSIFCJBZRJWP6","3BHRGUFAI0A6J7Y48A1RI398KZKSCH","Categorize images based on view.","Review 10 line-arts and judge if it has same or different views. Identify view for each tactile. (10 pairs)","tactile, image review, accessibility, tools, instruments and appliances","$0.08","Sat Apr 18 18:48:16 PDT 2026","9","BatchId:5385948;OriginalHitTemplateId:928390873;","1800","1296000","Sat Apr 25 18:48:16 PDT 2026","","","3K4J6M3CY77XWFIPP6B4RY4LAL0AGB","A2UZP2FRACKPK1","Rejected","Sat Apr 18 22:12:13 PDT 2026","Sat Apr 18 22:30:43 PDT 2026","Sun May 03 22:30:43 PDT 2026","","Sun Apr 19 07:41:37 PDT 2026","Thank you for your time. Unfortunately this submission did not pass the embedded gold-standard checks; this task requires very careful attention to detail.","1110","56% (5/9)","56% (5/9)","56% (5/9)","Pencil","https://tactileeval.s3.us-east-1.amazonaws.com/family_datasets/Tools_Instruments_and_Appliances/Pencil/Natural/11.png","https://tactileeval.s3.us-east-1.amazonaws.com/family_datasets/Tools_Instruments_and_Appliances/Pencil/Tactile/11.jpg","","Pencil","https://tactileeval.s3.us-east-1.amazonaws.com/family_datasets/Tools_Instruments_and_Appliances/Pencil/Natural/12.jpg","https://tactileeval.s3.us-east-1.amazonaws.com/family_datasets/Tools_Instruments_and_Appliances/Pencil/Tactile/12.jpg","","Pencil","https://tactileeval.s3.us-east-1.amazonaws.com/family_datasets/Tools_Instruments_and_Appliances/Pencil/Natural/13.jpg","https://tactileeval.s3.us-east-1.amazonaws.com/family_datasets/Tools_Instruments_and_Appliances/Pencil/Tactile/13.jpg","","Pencil","https://tactileeval.s3.us-east-1.amazonaws.com/family_datasets/Tools_Instruments_and_Appliances/Pencil/Natural/14.png","https://tactileeval.s3.us-east-1.amazonaws.com/family_datasets/Tools_Instruments_and_Appliances/Pencil/Tactile/14.jpg","","Pencil","https://tactileeval.s3.us-east-1.amazonaws.com/family_datasets/Tools_Instruments_and_Appliances/Pencil/Natural/15.png","https://tactileeval.s3.us-east-1.amazonaws.com/family_datasets/Tools_Instruments_and_Appliances/Pencil/Tactile/15.jpg","","Pencil","https://tactileeval.s3.us-east-1.amazonaws.com/family_datasets/Tools_Instruments_and_Appliances/Pencil/Natural/16.jpg","https://tactileeval.s3.us-east-1.amazonaws.com/family_datasets/Tools_Instruments_and_Appliances/Pencil/Tactile/16.jpg","","Pencil","https://tactileeval.s3.us-east-1.amazonaws.com/family_datasets/Tools_Instruments_and_Appliances/Pencil/Natural/17.png","https://tactileeval.s3.us-east-1.amazonaws.com/family_datasets/Tools_Instruments_and_Appliances/Pencil/Tactile/17.jpg","","Pencil","https://tactileeval.s3.us-east-1.amazonaws.com/family_datasets/Tools_Instruments_and_Appliances/Pencil/Natural/18.jpg","https://tactileeval.s3.us-east-1.amazonaws.com/family_datasets/Tools_Instruments_and_Appliances/Pencil/Tactile/18.jpg","","Pencil","https://tactileeval.s3.us-east-1.amazonaws.com/family_datasets/Tools_Instruments_and_Appliances/Pencil/Natural/19.jpg","https://tactileeval.s3.us-east-1.amazonaws.com/family_datasets/Tools_Instruments_and_Appliances/Pencil/Tactile/19.jpg","","Spoon","https://tactileeval.s3.us-east-1.amazonaws.com/family_datasets/Tools_Instruments_and_Appliances/Spoon/Natural/1.jpg","https://tactileeval.s3.us-east-1.amazonaws.com/family_datasets/Tools_Instruments_and_Appliances/Spoon/Tactile/1.jpeg","","[{""question1"":{""orientation_match"":true,""view_frontal"":false,""view_perspective"":false,""view_side"":true,""view_top"":false},""question10"":{""orientation_match"":true,""view_frontal"":true,""view_perspective"":false,""view_side"":false,""view_top"":false},""question2"":{""orientation_match"":true,""view_frontal"":false,""view_perspective"":false,""view_side"":true,""view_top"":false},""question3"":{""orientation_match"":true,""view_frontal"":false,""view_perspective"":false,""view_side"":true,""view_top"":false},""question4"":{""orientation_match"":true,""view_frontal"":false,""view_perspective"":false,""view_side"":true,""view_top"":false},""question5"":{""orientation_match"":true,""view_frontal"":false,""view_perspective"":false,""view_side"":true,""view_top"":false},""question6"":{""orientation_match"":true,""view_frontal"":false,""view_perspective"":false,""view_side"":true,""view_top"":false},""question7"":{""orientation_match"":true,""view_frontal"":false,""view_perspective"":false,""view_side"":true,""view_top"":false},""question8"":{""orientation_match"":true,""view_frontal"":false,""view_perspective"":false,""view_side"":false,""view_top"":true},""question9"":{""orientation_match"":true,""view_frontal"":false,""view_perspective"":false,""view_side"":true,""view_top"":false}}]"
"3H6W48L9GW3YULGY3SSIFCJBZRJWP6","3BHRGUFAI0A6J7Y48A1RI398KZKSCH","Categorize images based on view.","Review 10 line-arts and judge if it has same or different views. Identify view for each tactile. (10 pairs)","tactile, image review, accessibility, tools, instruments and appliances","$0.08","Sat Apr 18 18:48:16 PDT 2026","9","BatchId:5385948;OriginalHitTemplateId:928390873;","1800","1296000","Sat Apr 25 18:48:16 PDT 2026","","","3WEV0KO0PF6YKRUS4GWN6DVUJZRDS0","A160C751AAPJOO","Rejected","Sat Apr 18 22:13:14 PDT 2026","Sat Apr 18 22:40:58 PDT 2026","Sun May 03 22:40:58 PDT 2026","","Sun Apr 19 07:41:37 PDT 2026","Thank you for your time. Unfortunately this submission did not pass the embedded gold-standard checks; this task requires very careful attention to detail.","1664","75% (6/8)","75% (6/8)","75% (6/8)","Pencil","https://tactileeval.s3.us-east-1.amazonaws.com/family_datasets/Tools_Instruments_and_Appliances/Pencil/Natural/11.png","https://tactileeval.s3.us-east-1.amazonaws.com/family_datasets/Tools_Instruments_and_Appliances/Pencil/Tactile/11.jpg","","Pencil","https://tactileeval.s3.us-east-1.amazonaws.com/family_datasets/Tools_Instruments_and_Appliances/Pencil/Natural/12.jpg","https://tactileeval.s3.us-east-1.amazonaws.com/family_datasets/Tools_Instruments_and_Appliances/Pencil/Tactile/12.jpg","","Pencil","https://tactileeval.s3.us-east-1.amazonaws.com/family_datasets/Tools_Instruments_and_Appliances/Pencil/Natural/13.jpg","https://tactileeval.s3.us-east-1.amazonaws.com/family_datasets/Tools_Instruments_and_Appliances/Pencil/Tactile/13.jpg","","Pencil","https://tactileeval.s3.us-east-1.amazonaws.com/family_datasets/Tools_Instruments_and_Appliances/Pencil/Natural/14.png","https://tactileeval.s3.us-east-1.amazonaws.com/family_datasets/Tools_Instruments_and_Appliances/Pencil/Tactile/14.jpg","","Pencil","https://tactileeval.s3.us-east-1.amazonaws.com/family_datasets/Tools_Instruments_and_Appliances/Pencil/Natural/15.png","https://tactileeval.s3.us-east-1.amazonaws.com/family_datasets/Tools_Instruments_and_Appliances/Pencil/Tactile/15.jpg","","Pencil","https://tactileeval.s3.us-east-1.amazonaws.com/family_datasets/Tools_Instruments_and_Appliances/Pencil/Natural/16.jpg","https://tactileeval.s3.us-east-1.amazonaws.com/family_datasets/Tools_Instruments_and_Appliances/Pencil/Tactile/16.jpg","","Pencil","https://tactileeval.s3.us-east-1.amazonaws.com/family_datasets/Tools_Instruments_and_Appliances/Pencil/Natural/17.png","https://tactileeval.s3.us-east-1.amazonaws.com/family_datasets/Tools_Instruments_and_Appliances/Pencil/Tactile/17.jpg","","Pencil","https://tactileeval.s3.us-east-1.amazonaws.com/family_datasets/Tools_Instruments_and_Appliances/Pencil/Natural/18.jpg","https://tactileeval.s3.us-east-1.amazonaws.com/family_datasets/Tools_Instruments_and_Appliances/Pencil/Tactile/18.jpg","","Pencil","https://tactileeval.s3.us-east-1.amazonaws.com/family_datasets/Tools_Instruments_and_Appliances/Pencil/Natural/19.jpg","https://tactileeval.s3.us-east-1.amazonaws.com/family_datasets/Tools_Instruments_and_Appliances/Pencil/Tactile/19.jpg","","Spoon","https://tactileeval.s3.us-east-1.amazonaws.com/family_datasets/Tools_Instruments_and_Appliances/Spoon/Natural/1.jpg","https://tactileeval.s3.us-east-1.amazonaws.com/family_datasets/Tools_Instruments_and_Appliances/Spoon/Tactile/1.jpeg","","[{""question1"":{""orientation_match"":true,""view_frontal"":false,""view_perspective"":false,""view_side"":true,""view_top"":false},""question10"":{""orientation_match"":true,""view_frontal"":true,""view_perspective"":false,""view_side"":false,""view_top"":false},""question2"":{""orientation_match"":true,""view_frontal"":false,""view_perspective"":false,""view_side"":false,""view_top"":true},""question3"":{""orientation_match"":true,""view_frontal"":false,""view_perspective"":false,""view_side"":true,""view_top"":false},""question4"":{""orientation_match"":true,""view_frontal"":false,""view_perspective"":false,""view_side"":true,""view_top"":false},""question5"":{""orientation_match"":true,""view_frontal"":false,""view_perspective"":false,""view_side"":true,""view_top"":false},""question6"":{""orientation_match"":true,""view_frontal"":false,""view_perspective"":false,""view_side"":true,""view_top"":false},""question7"":{""orientation_match"":true,""view_frontal"":false,""view_perspective"":false,""view_side"":true,""view_top"":false},""question8"":{""orientation_match"":true,""view_frontal"":true,""view_perspective"":false,""view_side"":false,""view_top"":false},""question9"":{""orientation_match"":true,""view_frontal"":false,""view_perspective"":true,""view_side"":false,""view_top"":false}}]"
"3H6W48L9GW3YULGY3SSIFCJBZRJWP6","3BHRGUFAI0A6J7Y48A1RI398KZKSCH","Categorize images based on view.","Review 10 line-arts and judge if it has same or different views. Identify view for each tactile. (10 pairs)","tactile, image review, accessibility, tools, instruments and appliances","$0.08","Sat Apr 18 18:48:16 PDT 2026","9","BatchId:5385948;OriginalHitTemplateId:928390873;","1800","1296000","Sat Apr 25 18:48:16 PDT 2026","","","3EA3QWIZ5B9G72NTLU2O7F7TDOWITH","AZTAPCOD2Y512","Rejected","Sun Apr 19 07:55:11 PDT 2026","Sun Apr 19 08:10:16 PDT 2026","Mon May 04 08:10:16 PDT 2026","","Sun Apr 19 09:04:03 PDT 2026","Thank you for your time. Unfortunately this submission did not pass the embedded gold-standard checks; this task requires very careful attention to detail.","905","0% (0/4)","0% (0/4)","0% (0/4)","Pencil","https://tactileeval.s3.us-east-1.amazonaws.com/family_datasets/Tools_Instruments_and_Appliances/Pencil/Natural/11.png","https://tactileeval.s3.us-east-1.amazonaws.com/family_datasets/Tools_Instruments_and_Appliances/Pencil/Tactile/11.jpg","","Pencil","https://tactileeval.s3.us-east-1.amazonaws.com/family_datasets/Tools_Instruments_and_Appliances/Pencil/Natural/12.jpg","https://tactileeval.s3.us-east-1.amazonaws.com/family_datasets/Tools_Instruments_and_Appliances/Pencil/Tactile/12.jpg","","Pencil","https://tactileeval.s3.us-east-1.amazonaws.com/family_datasets/Tools_Instruments_and_Appliances/Pencil/Natural/13.jpg","https://tactileeval.s3.us-east-1.amazonaws.com/family_datasets/Tools_Instruments_and_Appliances/Pencil/Tactile/13.jpg","","Pencil","https://tactileeval.s3.us-east-1.amazonaws.com/family_datasets/Tools_Instruments_and_Appliances/Pencil/Natural/14.png","https://tactileeval.s3.us-east-1.amazonaws.com/family_datasets/Tools_Instruments_and_Appliances/Pencil/Tactile/14.jpg","","Pencil","https://tactileeval.s3.us-east-1.amazonaws.com/family_datasets/Tools_Instruments_and_Appliances/Pencil/Natural/15.png","https://tactileeval.s3.us-east-1.amazonaws.com/family_datasets/Tools_Instruments_and_Appliances/Pencil/Tactile/15.jpg","","Pencil","https://tactileeval.s3.us-east-1.amazonaws.com/family_datasets/Tools_Instruments_and_Appliances/Pencil/Natural/16.jpg","https://tactileeval.s3.us-east-1.amazonaws.com/family_datasets/Tools_Instruments_and_Appliances/Pencil/Tactile/16.jpg","","Pencil","https://tactileeval.s3.us-east-1.amazonaws.com/family_datasets/Tools_Instruments_and_Appliances/Pencil/Natural/17.png","https://tactileeval.s3.us-east-1.amazonaws.com/family_datasets/Tools_Instruments_and_Appliances/Pencil/Tactile/17.jpg","","Pencil","https://tactileeval.s3.us-east-1.amazonaws.com/family_datasets/Tools_Instruments_and_Appliances/Pencil/Natural/18.jpg","https://tactileeval.s3.us-east-1.amazonaws.com/family_datasets/Tools_Instruments_and_Appliances/Pencil/Tactile/18.jpg","","Pencil","https://tactileeval.s3.us-east-1.amazonaws.com/family_datasets/Tools_Instruments_and_Appliances/Pencil/Natural/19.jpg","https://tactileeval.s3.us-east-1.amazonaws.com/family_datasets/Tools_Instruments_and_Appliances/Pencil/Tactile/19.jpg","","Spoon","https://tactileeval.s3.us-east-1.amazonaws.com/family_datasets/Tools_Instruments_and_Appliances/Spoon/Natural/1.jpg","https://tactileeval.s3.us-east-1.amazonaws.com/family_datasets/Tools_Instruments_and_Appliances/Spoon/Tactile/1.jpeg","","[{""question1"":{""orientation_match"":true,""view_frontal"":true,""view_perspective"":false,""view_side"":false,""view_top"":false},""question10"":{""orientation_match"":true,""view_frontal"":true,""view_perspective"":false,""view_side"":false,""view_top"":false},""question2"":{""orientation_match"":true,""view_frontal"":false,""view_perspective"":false,""view_side"":true,""view_top"":false},""question3"":{""orientation_match"":true,""view_frontal"":false,""view_perspective"":false,""view_side"":true,""view_top"":false},""question4"":{""orientation_match"":true,""view_frontal"":true,""view_perspective"":false,""view_side"":false,""view_top"":false},""question5"":{""orientation_match"":true,""view_frontal"":true,""view_perspective"":false,""view_side"":false,""view_top"":false},""question6"":{""orientation_match"":true,""view_frontal"":true,""view_perspective"":false,""view_side"":false,""view_top"":false},""question7"":{""orientation_match"":true,""view_frontal"":true,""view_perspective"":false,""view_side"":false,""view_top"":false},""question8"":{""orientation_match"":true,""view_frontal"":false,""view_perspective"":false,""view_side"":true,""view_top"":false},""question9"":{""orientation_match"":true,""view_frontal"":false,""view_perspective"":false,""view_side"":true,""view_top"":false}}]"
"3H6W48L9GW3YULGY3SSIFCJBZRJWP6","3BHRGUFAI0A6J7Y48A1RI398KZKSCH","Categorize images based on view.","Review 10 line-arts and judge if it has same or different views. Identify view for each tactile. (10 pairs)","tactile, image review, accessibility, tools, instruments and appliances","$0.08","Sat Apr 18 18:48:16 PDT 2026","9","BatchId:5385948;OriginalHitTemplateId:928390873;","1800","1296000","Sat Apr 25 18:48:16 PDT 2026","","","3I02618YBTKNO1PMYUIIL8U7IGYPUR","A2U4DQEDXF21LE","Rejected","Sun Apr 19 08:24:58 PDT 2026","Sun Apr 19 08:35:37 PDT 2026","Mon May 04 08:35:37 PDT 2026","","Sun Apr 19 09:04:03 PDT 2026","Thank you for your time. Unfortunately this submission did not pass the embedded gold-standard checks; this task requires very careful attention to detail.","639","0% (0/2)","0% (0/2)","0% (0/2)","Pencil","https://tactileeval.s3.us-east-1.amazonaws.com/family_datasets/Tools_Instruments_and_Appliances/Pencil/Natural/11.png","https://tactileeval.s3.us-east-1.amazonaws.com/family_datasets/Tools_Instruments_and_Appliances/Pencil/Tactile/11.jpg","","Pencil","https://tactileeval.s3.us-east-1.amazonaws.com/family_datasets/Tools_Instruments_and_Appliances/Pencil/Natural/12.jpg","https://tactileeval.s3.us-east-1.amazonaws.com/family_datasets/Tools_Instruments_and_Appliances/Pencil/Tactile/12.jpg","","Pencil","https://tactileeval.s3.us-east-1.amazonaws.com/family_datasets/Tools_Instruments_and_Appliances/Pencil/Natural/13.jpg","https://tactileeval.s3.us-east-1.amazonaws.com/family_datasets/Tools_Instruments_and_Appliances/Pencil/Tactile/13.jpg","","Pencil","https://tactileeval.s3.us-east-1.amazonaws.com/family_datasets/Tools_Instruments_and_Appliances/Pencil/Natural/14.png","https://tactileeval.s3.us-east-1.amazonaws.com/family_datasets/Tools_Instruments_and_Appliances/Pencil/Tactile/14.jpg","","Pencil","https://tactileeval.s3.us-east-1.amazonaws.com/family_datasets/Tools_Instruments_and_Appliances/Pencil/Natural/15.png","https://tactileeval.s3.us-east-1.amazonaws.com/family_datasets/Tools_Instruments_and_Appliances/Pencil/Tactile/15.jpg","","Pencil","https://tactileeval.s3.us-east-1.amazonaws.com/family_datasets/Tools_Instruments_and_Appliances/Pencil/Natural/16.jpg","https://tactileeval.s3.us-east-1.amazonaws.com/family_datasets/Tools_Instruments_and_Appliances/Pencil/Tactile/16.jpg","","Pencil","https://tactileeval.s3.us-east-1.amazonaws.com/family_datasets/Tools_Instruments_and_Appliances/Pencil/Natural/17.png","https://tactileeval.s3.us-east-1.amazonaws.com/family_datasets/Tools_Instruments_and_Appliances/Pencil/Tactile/17.jpg","","Pencil","https://tactileeval.s3.us-east-1.amazonaws.com/family_datasets/Tools_Instruments_and_Appliances/Pencil/Natural/18.jpg","https://tactileeval.s3.us-east-1.amazonaws.com/family_datasets/Tools_Instruments_and_Appliances/Pencil/Tactile/18.jpg","","Pencil","https://tactileeval.s3.us-east-1.amazonaws.com/family_datasets/Tools_Instruments_and_Appliances/Pencil/Natural/19.jpg","https://tactileeval.s3.us-east-1.amazonaws.com/family_datasets/Tools_Instruments_and_Appliances/Pencil/Tactile/19.jpg","","Spoon","https://tactileeval.s3.us-east-1.amazonaws.com/family_datasets/Tools_Instruments_and_Appliances/Spoon/Natural/1.jpg","https://tactileeval.s3.us-east-1.amazonaws.com/family_datasets/Tools_Instruments_and_Appliances/Spoon/Tactile/1.jpeg","","[{""question1"":{""orientation_match"":true,""view_frontal"":false,""view_perspective"":false,""view_side"":false,""view_top"":false},""question10"":{""orientation_match"":true,""view_frontal"":false,""view_perspective"":false,""view_side"":false,""view_top"":false},""question2"":{""orientation_match"":false,""view_frontal"":true,""view_perspective"":false,""view_side"":false,""view_top"":false},""question3"":{""orientation_match"":true,""view_frontal"":false,""view_perspective"":false,""view_side"":true,""view_top"":false},""question4"":{""orientation_match"":true,""view_frontal"":true,""view_perspective"":false,""view_side"":false,""view_top"":false},""question5"":{""orientation_match"":true,""view_frontal"":false,""view_perspective"":false,""view_side"":false,""view_top"":false},""question6"":{""orientation_match"":true,""view_frontal"":true,""view_perspective"":false,""view_side"":false,""view_top"":false},""question7"":{""orientation_match"":true,""view_frontal"":false,""view_perspective"":false,""view_side"":true,""view_top"":false},""question8"":{""orientation_match"":false,""view_frontal"":false,""view_perspective"":true,""view_side"":false,""view_top"":false},""question9"":{""orientation_match"":false,""view_frontal"":true,""view_perspective"":false,""view_side"":false,""view_top"":false}}]"
"3MJ9GGZYPVK5V1CP0PLE1AERWYP2AF","3BHRGUFAI0A6J7Y48A1RI398KZKSCH","Categorize images based on view.","Review 10 line-arts and judge if it has same or different views. Identify view for each tactile. (10 pairs)","tactile, image review, accessibility, tools, instruments and appliances","$0.08","Sat Apr 18 18:48:16 PDT 2026","9","BatchId:5385948;OriginalHitTemplateId:928390873;","1800","1296000","Sat Apr 25 18:48:16 PDT 2026","","","3V0Z7YWSJRER99DG1MHBLHOXLCFV2X","A33I0A28TLIR6J","Rejected","Sat Apr 18 18:59:25 PDT 2026","Sat Apr 18 19:08:39 PDT 2026","Sun May 03 19:08:39 PDT 2026","","Sun Apr 19 07:41:37 PDT 2026","Thank you for your time. Unfortunately this submission did not pass the embedded gold-standard checks; this task requires very careful attention to detail.","554","75% (21/28)","30% (3/10)","30% (3/10)","Spoon","https://tactileeval.s3.us-east-1.amazonaws.com/family_datasets/Tools_Instruments_and_Appliances/Spoon/Natural/2.jpg","https://tactileeval.s3.us-east-1.amazonaws.com/family_datasets/Tools_Instruments_and_Appliances/Spoon/Tactile/2.jpeg","","Spoon","https://tactileeval.s3.us-east-1.amazonaws.com/family_datasets/Tools_Instruments_and_Appliances/Spoon/Natural/3.jpg","https://tactileeval.s3.us-east-1.amazonaws.com/family_datasets/Tools_Instruments_and_Appliances/Spoon/Tactile/3.jpeg","","Spoon","https://tactileeval.s3.us-east-1.amazonaws.com/family_datasets/Tools_Instruments_and_Appliances/Spoon/Natural/4.jpeg","https://tactileeval.s3.us-east-1.amazonaws.com/family_datasets/Tools_Instruments_and_Appliances/Spoon/Tactile/4.jpeg","","Spoon","https://tactileeval.s3.us-east-1.amazonaws.com/family_datasets/Tools_Instruments_and_Appliances/Spoon/Natural/5.jpg","https://tactileeval.s3.us-east-1.amazonaws.com/family_datasets/Tools_Instruments_and_Appliances/Spoon/Tactile/5.jpeg","","Spoon","https://tactileeval.s3.us-east-1.amazonaws.com/family_datasets/Tools_Instruments_and_Appliances/Spoon/Natural/6_refined.png","https://tactileeval.s3.us-east-1.amazonaws.com/family_datasets/Tools_Instruments_and_Appliances/Spoon/Tactile/6_refined.png","","Spoon","https://tactileeval.s3.us-east-1.amazonaws.com/family_datasets/Tools_Instruments_and_Appliances/Spoon/Natural/7.jpg","https://tactileeval.s3.us-east-1.amazonaws.com/family_datasets/Tools_Instruments_and_Appliances/Spoon/Tactile/7.jpeg","","Spoon","https://tactileeval.s3.us-east-1.amazonaws.com/family_datasets/Tools_Instruments_and_Appliances/Spoon/Natural/8.jpg","https://tactileeval.s3.us-east-1.amazonaws.com/family_datasets/Tools_Instruments_and_Appliances/Spoon/Tactile/8.jpeg","","Spoon","https://tactileeval.s3.us-east-1.amazonaws.com/family_datasets/Tools_Instruments_and_Appliances/Spoon/Natural/9.jpg","https://tactileeval.s3.us-east-1.amazonaws.com/family_datasets/Tools_Instruments_and_Appliances/Spoon/Tactile/9.jpeg","","Spoon","https://tactileeval.s3.us-east-1.amazonaws.com/family_datasets/Tools_Instruments_and_Appliances/Spoon/Natural/10.jpg","https://tactileeval.s3.us-east-1.amazonaws.com/family_datasets/Tools_Instruments_and_Appliances/Spoon/Tactile/10.jpeg","","","","","","[{""question1"":{""orientation_match"":true,""view_frontal"":false,""view_perspective"":false,""view_side"":false,""view_top"":true},""question10"":{""orientation_match"":true,""view_frontal"":false,""view_perspective"":false,""view_side"":false,""view_top"":false},""question2"":{""orientation_match"":true,""view_frontal"":false,""view_perspective"":true,""view_side"":false,""view_top"":false},""question3"":{""orientation_match"":true,""view_frontal"":false,""view_perspective"":false,""view_side"":false,""view_top"":true},""question4"":{""orientation_match"":true,""view_frontal"":false,""view_perspective"":false,""view_side"":false,""view_top"":true},""question5"":{""orientation_match"":true,""view_frontal"":false,""view_perspective"":false,""view_side"":false,""view_top"":true},""question6"":{""orientation_match"":true,""view_frontal"":false,""view_perspective"":false,""view_side"":false,""view_top"":true},""question7"":{""orientation_match"":true,""view_frontal"":false,""view_perspective"":false,""view_side"":false,""view_top"":true},""question8"":{""orientation_match"":true,""view_frontal"":false,""view_perspective"":false,""view_side"":false,""view_top"":true},""question9"":{""orientation_match"":true,""view_frontal"":false,""view_perspective"":false,""view_side"":false,""view_top"":true}}]"
"3MJ9GGZYPVK5V1CP0PLE1AERWYP2AF","3BHRGUFAI0A6J7Y48A1RI398KZKSCH","Categorize images based on view.","Review 10 line-arts and judge if it has same or different views. Identify view for each tactile. (10 pairs)","tactile, image review, accessibility, tools, instruments and appliances","$0.08","Sat Apr 18 18:48:16 PDT 2026","9","BatchId:5385948;OriginalHitTemplateId:928390873;","1800","1296000","Sat Apr 25 18:48:16 PDT 2026","","","32VNZTT0B0I9JGBMWGVPDZWSKK54RG","AANFSTZSFMWNW","Rejected","Sat Apr 18 19:11:48 PDT 2026","Sat Apr 18 19:12:20 PDT 2026","Sun May 03 19:12:20 PDT 2026","","Sun Apr 19 07:41:37 PDT 2026","Thank you for your time. Unfortunately this submission did not pass the embedded gold-standard checks; this task requires very careful attention to detail.","32","88% (146/165)","25% (3/12)","25% (3/12)","Spoon","https://tactileeval.s3.us-east-1.amazonaws.com/family_datasets/Tools_Instruments_and_Appliances/Spoon/Natural/2.jpg","https://tactileeval.s3.us-east-1.amazonaws.com/family_datasets/Tools_Instruments_and_Appliances/Spoon/Tactile/2.jpeg","","Spoon","https://tactileeval.s3.us-east-1.amazonaws.com/family_datasets/Tools_Instruments_and_Appliances/Spoon/Natural/3.jpg","https://tactileeval.s3.us-east-1.amazonaws.com/family_datasets/Tools_Instruments_and_Appliances/Spoon/Tactile/3.jpeg","","Spoon","https://tactileeval.s3.us-east-1.amazonaws.com/family_datasets/Tools_Instruments_and_Appliances/Spoon/Natural/4.jpeg","https://tactileeval.s3.us-east-1.amazonaws.com/family_datasets/Tools_Instruments_and_Appliances/Spoon/Tactile/4.jpeg","","Spoon","https://tactileeval.s3.us-east-1.amazonaws.com/family_datasets/Tools_Instruments_and_Appliances/Spoon/Natural/5.jpg","https://tactileeval.s3.us-east-1.amazonaws.com/family_datasets/Tools_Instruments_and_Appliances/Spoon/Tactile/5.jpeg","","Spoon","https://tactileeval.s3.us-east-1.amazonaws.com/family_datasets/Tools_Instruments_and_Appliances/Spoon/Natural/6_refined.png","https://tactileeval.s3.us-east-1.amazonaws.com/family_datasets/Tools_Instruments_and_Appliances/Spoon/Tactile/6_refined.png","","Spoon","https://tactileeval.s3.us-east-1.amazonaws.com/family_datasets/Tools_Instruments_and_Appliances/Spoon/Natural/7.jpg","https://tactileeval.s3.us-east-1.amazonaws.com/family_datasets/Tools_Instruments_and_Appliances/Spoon/Tactile/7.jpeg","","Spoon","https://tactileeval.s3.us-east-1.amazonaws.com/family_datasets/Tools_Instruments_and_Appliances/Spoon/Natural/8.jpg","https://tactileeval.s3.us-east-1.amazonaws.com/family_datasets/Tools_Instruments_and_Appliances/Spoon/Tactile/8.jpeg","","Spoon","https://tactileeval.s3.us-east-1.amazonaws.com/family_datasets/Tools_Instruments_and_Appliances/Spoon/Natural/9.jpg","https://tactileeval.s3.us-east-1.amazonaws.com/family_datasets/Tools_Instruments_and_Appliances/Spoon/Tactile/9.jpeg","","Spoon","https://tactileeval.s3.us-east-1.amazonaws.com/family_datasets/Tools_Instruments_and_Appliances/Spoon/Natural/10.jpg","https://tactileeval.s3.us-east-1.amazonaws.com/family_datasets/Tools_Instruments_and_Appliances/Spoon/Tactile/10.jpeg","","","","","","[{""question1"":{""orientation_match"":true,""view_frontal"":true,""view_perspective"":false,""view_side"":false,""view_top"":false},""question10"":{""orientation_match"":true,""view_frontal"":true,""view_perspective"":false,""view_side"":false,""view_top"":false},""question2"":{""orientation_match"":true,""view_frontal"":true,""view_perspective"":false,""view_side"":false,""view_top"":false},""question3"":{""orientation_match"":true,""view_frontal"":false,""view_perspective"":false,""view_side"":true,""view_top"":false},""question4"":{""orientation_match"":true,""view_frontal"":false,""view_perspective"":false,""view_side"":false,""view_top"":true},""question5"":{""orientation_match"":true,""view_frontal"":false,""view_perspective"":false,""view_side"":false,""view_top"":true},""question6"":{""orientation_match"":false,""view_frontal"":false,""view_perspective"":true,""view_side"":false,""view_top"":false},""question7"":{""orientation_match"":true,""view_frontal"":true,""view_perspective"":false,""view_side"":false,""view_top"":false},""question8"":{""orientation_match"":true,""view_frontal"":false,""view_perspective"":false,""view_side"":true,""view_top"":false},""question9"":{""orientation_match"":false,""view_frontal"":true,""view_perspective"":false,""view_side"":false,""view_top"":false}}]"
"3MJ9GGZYPVK5V1CP0PLE1AERWYP2AF","3BHRGUFAI0A6J7Y48A1RI398KZKSCH","Categorize images based on view.","Review 10 line-arts and judge if it has same or different views. Identify view for each tactile. (10 pairs)","tactile, image review, accessibility, tools, instruments and appliances","$0.08","Sat Apr 18 18:48:16 PDT 2026","9","BatchId:5385948;OriginalHitTemplateId:928390873;","1800","1296000","Sat Apr 25 18:48:16 PDT 2026","","","3S96KQ6IAFIZZR77TG1DGIRGLIYTDY","A1RQST9UG72B9D","Rejected","Sat Apr 18 20:13:13 PDT 2026","Sat Apr 18 20:15:12 PDT 2026","Sun May 03 20:15:12 PDT 2026","","Sun Apr 19 07:41:37 PDT 2026","Thank you for your time. Unfortunately this submission did not pass the embedded gold-standard checks; this task requires very careful attention to detail.","119","69% (11/16)","69% (11/16)","69% (11/16)","Spoon","https://tactileeval.s3.us-east-1.amazonaws.com/family_datasets/Tools_Instruments_and_Appliances/Spoon/Natural/2.jpg","https://tactileeval.s3.us-east-1.amazonaws.com/family_datasets/Tools_Instruments_and_Appliances/Spoon/Tactile/2.jpeg","","Spoon","https://tactileeval.s3.us-east-1.amazonaws.com/family_datasets/Tools_Instruments_and_Appliances/Spoon/Natural/3.jpg","https://tactileeval.s3.us-east-1.amazonaws.com/family_datasets/Tools_Instruments_and_Appliances/Spoon/Tactile/3.jpeg","","Spoon","https://tactileeval.s3.us-east-1.amazonaws.com/family_datasets/Tools_Instruments_and_Appliances/Spoon/Natural/4.jpeg","https://tactileeval.s3.us-east-1.amazonaws.com/family_datasets/Tools_Instruments_and_Appliances/Spoon/Tactile/4.jpeg","","Spoon","https://tactileeval.s3.us-east-1.amazonaws.com/family_datasets/Tools_Instruments_and_Appliances/Spoon/Natural/5.jpg","https://tactileeval.s3.us-east-1.amazonaws.com/family_datasets/Tools_Instruments_and_Appliances/Spoon/Tactile/5.jpeg","","Spoon","https://tactileeval.s3.us-east-1.amazonaws.com/family_datasets/Tools_Instruments_and_Appliances/Spoon/Natural/6_refined.png","https://tactileeval.s3.us-east-1.amazonaws.com/family_datasets/Tools_Instruments_and_Appliances/Spoon/Tactile/6_refined.png","","Spoon","https://tactileeval.s3.us-east-1.amazonaws.com/family_datasets/Tools_Instruments_and_Appliances/Spoon/Natural/7.jpg","https://tactileeval.s3.us-east-1.amazonaws.com/family_datasets/Tools_Instruments_and_Appliances/Spoon/Tactile/7.jpeg","","Spoon","https://tactileeval.s3.us-east-1.amazonaws.com/family_datasets/Tools_Instruments_and_Appliances/Spoon/Natural/8.jpg","https://tactileeval.s3.us-east-1.amazonaws.com/family_datasets/Tools_Instruments_and_Appliances/Spoon/Tactile/8.jpeg","","Spoon","https://tactileeval.s3.us-east-1.amazonaws.com/family_datasets/Tools_Instruments_and_Appliances/Spoon/Natural/9.jpg","https://tactileeval.s3.us-east-1.amazonaws.com/family_datasets/Tools_Instruments_and_Appliances/Spoon/Tactile/9.jpeg","","Spoon","https://tactileeval.s3.us-east-1.amazonaws.com/family_datasets/Tools_Instruments_and_Appliances/Spoon/Natural/10.jpg","https://tactileeval.s3.us-east-1.amazonaws.com/family_datasets/Tools_Instruments_and_Appliances/Spoon/Tactile/10.jpeg","","","","","","[{""question1"":{""orientation_match"":true,""view_frontal"":false,""view_perspective"":true,""view_side"":false,""view_top"":false},""question10"":{""orientation_match"":true,""view_frontal"":false,""view_perspective"":false,""view_side"":false,""view_top"":true},""question2"":{""orientation_match"":true,""view_frontal"":false,""view_perspective"":true,""view_side"":false,""view_top"":false},""question3"":{""orientation_match"":true,""view_frontal"":false,""view_perspective"":false,""view_side"":false,""view_top"":true},""question4"":{""orientation_match"":true,""view_frontal"":false,""view_perspective"":false,""view_side"":false,""view_top"":true},""question5"":{""orientation_match"":true,""view_frontal"":false,""view_perspective"":false,""view_side"":false,""view_top"":true},""question6"":{""orientation_match"":true,""view_frontal"":false,""view_perspective"":false,""view_side"":false,""view_top"":true},""question7"":{""orientation_match"":true,""view_frontal"":false,""view_perspective"":false,""view_side"":false,""view_top"":true},""question8"":{""orientation_match"":true,""view_frontal"":false,""view_perspective"":false,""view_side"":false,""view_top"":true},""question9"":{""orientation_match"":true,""view_frontal"":false,""view_perspective"":false,""view_side"":false,""view_top"":true}}]"
"3MJ9GGZYPVK5V1CP0PLE1AERWYP2AF","3BHRGUFAI0A6J7Y48A1RI398KZKSCH","Categorize images based on view.","Review 10 line-arts and judge if it has same or different views. Identify view for each tactile. (10 pairs)","tactile, image review, accessibility, tools, instruments and appliances","$0.08","Sat Apr 18 18:48:16 PDT 2026","9","BatchId:5385948;OriginalHitTemplateId:928390873;","1800","1296000","Sat Apr 25 18:48:16 PDT 2026","","","3LOZAJ85Z6RJDYIB11IT92LI1N02XK","A312G4F6TIKFFQ","Approved","Sat Apr 18 20:50:39 PDT 2026","Sat Apr 18 20:51:18 PDT 2026","Sun May 03 20:51:18 PDT 2026","Sun Apr 19 07:41:38 PDT 2026","","","39","70% (26/37)","35% (6/17)","35% (6/17)","Spoon","https://tactileeval.s3.us-east-1.amazonaws.com/family_datasets/Tools_Instruments_and_Appliances/Spoon/Natural/2.jpg","https://tactileeval.s3.us-east-1.amazonaws.com/family_datasets/Tools_Instruments_and_Appliances/Spoon/Tactile/2.jpeg","","Spoon","https://tactileeval.s3.us-east-1.amazonaws.com/family_datasets/Tools_Instruments_and_Appliances/Spoon/Natural/3.jpg","https://tactileeval.s3.us-east-1.amazonaws.com/family_datasets/Tools_Instruments_and_Appliances/Spoon/Tactile/3.jpeg","","Spoon","https://tactileeval.s3.us-east-1.amazonaws.com/family_datasets/Tools_Instruments_and_Appliances/Spoon/Natural/4.jpeg","https://tactileeval.s3.us-east-1.amazonaws.com/family_datasets/Tools_Instruments_and_Appliances/Spoon/Tactile/4.jpeg","","Spoon","https://tactileeval.s3.us-east-1.amazonaws.com/family_datasets/Tools_Instruments_and_Appliances/Spoon/Natural/5.jpg","https://tactileeval.s3.us-east-1.amazonaws.com/family_datasets/Tools_Instruments_and_Appliances/Spoon/Tactile/5.jpeg","","Spoon","https://tactileeval.s3.us-east-1.amazonaws.com/family_datasets/Tools_Instruments_and_Appliances/Spoon/Natural/6_refined.png","https://tactileeval.s3.us-east-1.amazonaws.com/family_datasets/Tools_Instruments_and_Appliances/Spoon/Tactile/6_refined.png","","Spoon","https://tactileeval.s3.us-east-1.amazonaws.com/family_datasets/Tools_Instruments_and_Appliances/Spoon/Natural/7.jpg","https://tactileeval.s3.us-east-1.amazonaws.com/family_datasets/Tools_Instruments_and_Appliances/Spoon/Tactile/7.jpeg","","Spoon","https://tactileeval.s3.us-east-1.amazonaws.com/family_datasets/Tools_Instruments_and_Appliances/Spoon/Natural/8.jpg","https://tactileeval.s3.us-east-1.amazonaws.com/family_datasets/Tools_Instruments_and_Appliances/Spoon/Tactile/8.jpeg","","Spoon","https://tactileeval.s3.us-east-1.amazonaws.com/family_datasets/Tools_Instruments_and_Appliances/Spoon/Natural/9.jpg","https://tactileeval.s3.us-east-1.amazonaws.com/family_datasets/Tools_Instruments_and_Appliances/Spoon/Tactile/9.jpeg","","Spoon","https://tactileeval.s3.us-east-1.amazonaws.com/family_datasets/Tools_Instruments_and_Appliances/Spoon/Natural/10.jpg","https://tactileeval.s3.us-east-1.amazonaws.com/family_datasets/Tools_Instruments_and_Appliances/Spoon/Tactile/10.jpeg","","","","","","[{""question1"":{""orientation_match"":true,""view_frontal"":false,""view_perspective"":true,""view_side"":false,""view_top"":false},""question10"":{""orientation_match"":true,""view_frontal"":true,""view_perspective"":false,""view_side"":false,""view_top"":false},""question2"":{""orientation_match"":true,""view_frontal"":false,""view_perspective"":true,""view_side"":false,""view_top"":false},""question3"":{""orientation_match"":true,""view_frontal"":true,""view_perspective"":false,""view_side"":false,""view_top"":false},""question4"":{""orientation_match"":true,""view_frontal"":true,""view_perspective"":false,""view_side"":false,""view_top"":false},""question5"":{""orientation_match"":true,""view_frontal"":true,""view_perspective"":false,""view_side"":false,""view_top"":false},""question6"":{""orientation_match"":true,""view_frontal"":true,""view_perspective"":false,""view_side"":false,""view_top"":false},""question7"":{""orientation_match"":true,""view_frontal"":true,""view_perspective"":false,""view_side"":false,""view_top"":false},""question8"":{""orientation_match"":true,""view_frontal"":true,""view_perspective"":false,""view_side"":false,""view_top"":false},""question9"":{""orientation_match"":true,""view_frontal"":true,""view_perspective"":false,""view_side"":false,""view_top"":false}}]"
"3MJ9GGZYPVK5V1CP0PLE1AERWYP2AF","3BHRGUFAI0A6J7Y48A1RI398KZKSCH","Categorize images based on view.","Review 10 line-arts and judge if it has same or different views. Identify view for each tactile. (10 pairs)","tactile, image review, accessibility, tools, instruments and appliances","$0.08","Sat Apr 18 18:48:16 PDT 2026","9","BatchId:5385948;OriginalHitTemplateId:928390873;","1800","1296000","Sat Apr 25 18:48:16 PDT 2026","","","3KB8R4ZV27L2FPNHVKB0M9ORS3LGBC","A2YDVX56BVBEP8","Rejected","Sat Apr 18 22:12:39 PDT 2026","Sat Apr 18 22:22:40 PDT 2026","Sun May 03 22:22:40 PDT 2026","","Sun Apr 19 07:41:38 PDT 2026","Thank you for your time. Unfortunately this submission did not pass the embedded gold-standard checks; this task requires very careful attention to detail.","601","25% (1/4)","25% (1/4)","25% (1/4)","Spoon","https://tactileeval.s3.us-east-1.amazonaws.com/family_datasets/Tools_Instruments_and_Appliances/Spoon/Natural/2.jpg","https://tactileeval.s3.us-east-1.amazonaws.com/family_datasets/Tools_Instruments_and_Appliances/Spoon/Tactile/2.jpeg","","Spoon","https://tactileeval.s3.us-east-1.amazonaws.com/family_datasets/Tools_Instruments_and_Appliances/Spoon/Natural/3.jpg","https://tactileeval.s3.us-east-1.amazonaws.com/family_datasets/Tools_Instruments_and_Appliances/Spoon/Tactile/3.jpeg","","Spoon","https://tactileeval.s3.us-east-1.amazonaws.com/family_datasets/Tools_Instruments_and_Appliances/Spoon/Natural/4.jpeg","https://tactileeval.s3.us-east-1.amazonaws.com/family_datasets/Tools_Instruments_and_Appliances/Spoon/Tactile/4.jpeg","","Spoon","https://tactileeval.s3.us-east-1.amazonaws.com/family_datasets/Tools_Instruments_and_Appliances/Spoon/Natural/5.jpg","https://tactileeval.s3.us-east-1.amazonaws.com/family_datasets/Tools_Instruments_and_Appliances/Spoon/Tactile/5.jpeg","","Spoon","https://tactileeval.s3.us-east-1.amazonaws.com/family_datasets/Tools_Instruments_and_Appliances/Spoon/Natural/6_refined.png","https://tactileeval.s3.us-east-1.amazonaws.com/family_datasets/Tools_Instruments_and_Appliances/Spoon/Tactile/6_refined.png","","Spoon","https://tactileeval.s3.us-east-1.amazonaws.com/family_datasets/Tools_Instruments_and_Appliances/Spoon/Natural/7.jpg","https://tactileeval.s3.us-east-1.amazonaws.com/family_datasets/Tools_Instruments_and_Appliances/Spoon/Tactile/7.jpeg","","Spoon","https://tactileeval.s3.us-east-1.amazonaws.com/family_datasets/Tools_Instruments_and_Appliances/Spoon/Natural/8.jpg","https://tactileeval.s3.us-east-1.amazonaws.com/family_datasets/Tools_Instruments_and_Appliances/Spoon/Tactile/8.jpeg","","Spoon","https://tactileeval.s3.us-east-1.amazonaws.com/family_datasets/Tools_Instruments_and_Appliances/Spoon/Natural/9.jpg","https://tactileeval.s3.us-east-1.amazonaws.com/family_datasets/Tools_Instruments_and_Appliances/Spoon/Tactile/9.jpeg","","Spoon","https://tactileeval.s3.us-east-1.amazonaws.com/family_datasets/Tools_Instruments_and_Appliances/Spoon/Natural/10.jpg","https://tactileeval.s3.us-east-1.amazonaws.com/family_datasets/Tools_Instruments_and_Appliances/Spoon/Tactile/10.jpeg","","","","","","[{""question1"":{""orientation_match"":true,""view_frontal"":true,""view_perspective"":false,""view_side"":false,""view_top"":false},""question10"":{""orientation_match"":false,""view_frontal"":false,""view_perspective"":true,""view_side"":false,""view_top"":false},""question2"":{""orientation_match"":true,""view_frontal"":false,""view_perspective"":false,""view_side"":false,""view_top"":false},""question3"":{""orientation_match"":true,""view_frontal"":false,""view_perspective"":false,""view_side"":false,""view_top"":true},""question4"":{""orientation_match"":true,""view_frontal"":false,""view_perspective"":false,""view_side"":false,""view_top"":false},""question5"":{""orientation_match"":true,""view_frontal"":true,""view_perspective"":false,""view_side"":false,""view_top"":false},""question6"":{""orientation_match"":true,""view_frontal"":true,""view_perspective"":false,""view_side"":false,""view_top"":false},""question7"":{""orientation_match"":false,""view_frontal"":false,""view_perspective"":true,""view_side"":false,""view_top"":false},""question8"":{""orientation_match"":false,""view_frontal"":true,""view_perspective"":false,""view_side"":false,""view_top"":false},""question9"":{""orientation_match"":true,""view_frontal"":false,""view_perspective"":false,""view_side"":false,""view_top"":false}}]"
"3MJ9GGZYPVK5V1CP0PLE1AERWYP2AF","3BHRGUFAI0A6J7Y48A1RI398KZKSCH","Categorize images based on view.","Review 10 line-arts and judge if it has same or different views. Identify view for each tactile. (10 pairs)","tactile, image review, accessibility, tools, instruments and appliances","$0.08","Sat Apr 18 18:48:16 PDT 2026","9","BatchId:5385948;OriginalHitTemplateId:928390873;","1800","1296000","Sat Apr 25 18:48:16 PDT 2026","","","3I7DHKZYHGEUC9ADJQE512ONHS1F5D","A16TN9IF4J115Q","Approved","Sat Apr 18 23:15:02 PDT 2026","Sat Apr 18 23:16:23 PDT 2026","Sun May 03 23:16:23 PDT 2026","Sun Apr 19 07:41:37 PDT 2026","","","81","100% (2/2)","100% (2/2)","100% (2/2)","Spoon","https://tactileeval.s3.us-east-1.amazonaws.com/family_datasets/Tools_Instruments_and_Appliances/Spoon/Natural/2.jpg","https://tactileeval.s3.us-east-1.amazonaws.com/family_datasets/Tools_Instruments_and_Appliances/Spoon/Tactile/2.jpeg","","Spoon","https://tactileeval.s3.us-east-1.amazonaws.com/family_datasets/Tools_Instruments_and_Appliances/Spoon/Natural/3.jpg","https://tactileeval.s3.us-east-1.amazonaws.com/family_datasets/Tools_Instruments_and_Appliances/Spoon/Tactile/3.jpeg","","Spoon","https://tactileeval.s3.us-east-1.amazonaws.com/family_datasets/Tools_Instruments_and_Appliances/Spoon/Natural/4.jpeg","https://tactileeval.s3.us-east-1.amazonaws.com/family_datasets/Tools_Instruments_and_Appliances/Spoon/Tactile/4.jpeg","","Spoon","https://tactileeval.s3.us-east-1.amazonaws.com/family_datasets/Tools_Instruments_and_Appliances/Spoon/Natural/5.jpg","https://tactileeval.s3.us-east-1.amazonaws.com/family_datasets/Tools_Instruments_and_Appliances/Spoon/Tactile/5.jpeg","","Spoon","https://tactileeval.s3.us-east-1.amazonaws.com/family_datasets/Tools_Instruments_and_Appliances/Spoon/Natural/6_refined.png","https://tactileeval.s3.us-east-1.amazonaws.com/family_datasets/Tools_Instruments_and_Appliances/Spoon/Tactile/6_refined.png","","Spoon","https://tactileeval.s3.us-east-1.amazonaws.com/family_datasets/Tools_Instruments_and_Appliances/Spoon/Natural/7.jpg","https://tactileeval.s3.us-east-1.amazonaws.com/family_datasets/Tools_Instruments_and_Appliances/Spoon/Tactile/7.jpeg","","Spoon","https://tactileeval.s3.us-east-1.amazonaws.com/family_datasets/Tools_Instruments_and_Appliances/Spoon/Natural/8.jpg","https://tactileeval.s3.us-east-1.amazonaws.com/family_datasets/Tools_Instruments_and_Appliances/Spoon/Tactile/8.jpeg","","Spoon","https://tactileeval.s3.us-east-1.amazonaws.com/family_datasets/Tools_Instruments_and_Appliances/Spoon/Natural/9.jpg","https://tactileeval.s3.us-east-1.amazonaws.com/family_datasets/Tools_Instruments_and_Appliances/Spoon/Tactile/9.jpeg","","Spoon","https://tactileeval.s3.us-east-1.amazonaws.com/family_datasets/Tools_Instruments_and_Appliances/Spoon/Natural/10.jpg","https://tactileeval.s3.us-east-1.amazonaws.com/family_datasets/Tools_Instruments_and_Appliances/Spoon/Tactile/10.jpeg","","","","","","[{""question1"":{""orientation_match"":false,""view_frontal"":false,""view_perspective"":false,""view_side"":true,""view_top"":false},""question10"":{""orientation_match"":false,""view_frontal"":false,""view_perspective"":true,""view_side"":false,""view_top"":false},""question2"":{""orientation_match"":false,""view_frontal"":false,""view_perspective"":false,""view_side"":true,""view_top"":false},""question3"":{""orientation_match"":false,""view_frontal"":true,""view_perspective"":false,""view_side"":false,""view_top"":false},""question4"":{""orientation_match"":false,""view_frontal"":true,""view_perspective"":false,""view_side"":false,""view_top"":false},""question5"":{""orientation_match"":false,""view_frontal"":true,""view_perspective"":false,""view_side"":false,""view_top"":false},""question6"":{""orientation_match"":false,""view_frontal"":true,""view_perspective"":false,""view_side"":false,""view_top"":false},""question7"":{""orientation_match"":false,""view_frontal"":true,""view_perspective"":false,""view_side"":false,""view_top"":false},""question8"":{""orientation_match"":false,""view_frontal"":true,""view_perspective"":false,""view_side"":false,""view_top"":false},""question9"":{""orientation_match"":true,""view_frontal"":true,""view_perspective"":false,""view_side"":false,""view_top"":false}}]"
"3MJ9GGZYPVK5V1CP0PLE1AERWYP2AF","3BHRGUFAI0A6J7Y48A1RI398KZKSCH","Categorize images based on view.","Review 10 line-arts and judge if it has same or different views. Identify view for each tactile. (10 pairs)","tactile, image review, accessibility, tools, instruments and appliances","$0.08","Sat Apr 18 18:48:16 PDT 2026","9","BatchId:5385948;OriginalHitTemplateId:928390873;","1800","1296000","Sat Apr 25 18:48:16 PDT 2026","","","3OLQQLKKOL3ADUP2DHYTKUMSNSHEJG","A205WBOO6VB6WP","Approved","Sat Apr 18 23:09:21 PDT 2026","Sat Apr 18 23:17:32 PDT 2026","Sun May 03 23:17:32 PDT 2026","Sun Apr 19 07:41:38 PDT 2026","","","491","75% (3/4)","75% (3/4)","75% (3/4)","Spoon","https://tactileeval.s3.us-east-1.amazonaws.com/family_datasets/Tools_Instruments_and_Appliances/Spoon/Natural/2.jpg","https://tactileeval.s3.us-east-1.amazonaws.com/family_datasets/Tools_Instruments_and_Appliances/Spoon/Tactile/2.jpeg","","Spoon","https://tactileeval.s3.us-east-1.amazonaws.com/family_datasets/Tools_Instruments_and_Appliances/Spoon/Natural/3.jpg","https://tactileeval.s3.us-east-1.amazonaws.com/family_datasets/Tools_Instruments_and_Appliances/Spoon/Tactile/3.jpeg","","Spoon","https://tactileeval.s3.us-east-1.amazonaws.com/family_datasets/Tools_Instruments_and_Appliances/Spoon/Natural/4.jpeg","https://tactileeval.s3.us-east-1.amazonaws.com/family_datasets/Tools_Instruments_and_Appliances/Spoon/Tactile/4.jpeg","","Spoon","https://tactileeval.s3.us-east-1.amazonaws.com/family_datasets/Tools_Instruments_and_Appliances/Spoon/Natural/5.jpg","https://tactileeval.s3.us-east-1.amazonaws.com/family_datasets/Tools_Instruments_and_Appliances/Spoon/Tactile/5.jpeg","","Spoon","https://tactileeval.s3.us-east-1.amazonaws.com/family_datasets/Tools_Instruments_and_Appliances/Spoon/Natural/6_refined.png","https://tactileeval.s3.us-east-1.amazonaws.com/family_datasets/Tools_Instruments_and_Appliances/Spoon/Tactile/6_refined.png","","Spoon","https://tactileeval.s3.us-east-1.amazonaws.com/family_datasets/Tools_Instruments_and_Appliances/Spoon/Natural/7.jpg","https://tactileeval.s3.us-east-1.amazonaws.com/family_datasets/Tools_Instruments_and_Appliances/Spoon/Tactile/7.jpeg","","Spoon","https://tactileeval.s3.us-east-1.amazonaws.com/family_datasets/Tools_Instruments_and_Appliances/Spoon/Natural/8.jpg","https://tactileeval.s3.us-east-1.amazonaws.com/family_datasets/Tools_Instruments_and_Appliances/Spoon/Tactile/8.jpeg","","Spoon","https://tactileeval.s3.us-east-1.amazonaws.com/family_datasets/Tools_Instruments_and_Appliances/Spoon/Natural/9.jpg","https://tactileeval.s3.us-east-1.amazonaws.com/family_datasets/Tools_Instruments_and_Appliances/Spoon/Tactile/9.jpeg","","Spoon","https://tactileeval.s3.us-east-1.amazonaws.com/family_datasets/Tools_Instruments_and_Appliances/Spoon/Natural/10.jpg","https://tactileeval.s3.us-east-1.amazonaws.com/family_datasets/Tools_Instruments_and_Appliances/Spoon/Tactile/10.jpeg","","","","","","[{""question1"":{""orientation_match"":true,""view_frontal"":false,""view_perspective"":false,""view_side"":true,""view_top"":false},""question10"":{""orientation_match"":true,""view_frontal"":true,""view_perspective"":false,""view_side"":false,""view_top"":false},""question2"":{""orientation_match"":true,""view_frontal"":false,""view_perspective"":false,""view_side"":false,""view_top"":true},""question3"":{""orientation_match"":false,""view_frontal"":true,""view_perspective"":false,""view_side"":false,""view_top"":false},""question4"":{""orientation_match"":false,""view_frontal"":true,""view_perspective"":false,""view_side"":false,""view_top"":false},""question5"":{""orientation_match"":false,""view_frontal"":true,""view_perspective"":false,""view_side"":false,""view_top"":false},""question6"":{""orientation_match"":true,""view_frontal"":true,""view_perspective"":false,""view_side"":false,""view_top"":false},""question7"":{""orientation_match"":false,""view_frontal"":true,""view_perspective"":false,""view_side"":false,""view_top"":false},""question8"":{""orientation_match"":false,""view_frontal"":true,""view_perspective"":false,""view_side"":false,""view_top"":false},""question9"":{""orientation_match"":false,""view_frontal"":true,""view_perspective"":false,""view_side"":false,""view_top"":false}}]"
"3MJ9GGZYPVK5V1CP0PLE1AERWYP2AF","3BHRGUFAI0A6J7Y48A1RI398KZKSCH","Categorize images based on view.","Review 10 line-arts and judge if it has same or different views. Identify view for each tactile. (10 pairs)","tactile, image review, accessibility, tools, instruments and appliances","$0.08","Sat Apr 18 18:48:16 PDT 2026","9","BatchId:5385948;OriginalHitTemplateId:928390873;","1800","1296000","Sat Apr 25 18:48:16 PDT 2026","","","3JJVG1YBF4B4ZSYXEOS9ICX22VQB5A","AZTAPCOD2Y512","Rejected","Sun Apr 19 07:55:04 PDT 2026","Sun Apr 19 08:08:02 PDT 2026","Mon May 04 08:08:02 PDT 2026","","Sun Apr 19 09:04:04 PDT 2026","Thank you for your time. Unfortunately this submission did not pass the embedded gold-standard checks; this task requires very careful attention to detail.","778","0% (0/4)","0% (0/4)","0% (0/4)","Spoon","https://tactileeval.s3.us-east-1.amazonaws.com/family_datasets/Tools_Instruments_and_Appliances/Spoon/Natural/2.jpg","https://tactileeval.s3.us-east-1.amazonaws.com/family_datasets/Tools_Instruments_and_Appliances/Spoon/Tactile/2.jpeg","","Spoon","https://tactileeval.s3.us-east-1.amazonaws.com/family_datasets/Tools_Instruments_and_Appliances/Spoon/Natural/3.jpg","https://tactileeval.s3.us-east-1.amazonaws.com/family_datasets/Tools_Instruments_and_Appliances/Spoon/Tactile/3.jpeg","","Spoon","https://tactileeval.s3.us-east-1.amazonaws.com/family_datasets/Tools_Instruments_and_Appliances/Spoon/Natural/4.jpeg","https://tactileeval.s3.us-east-1.amazonaws.com/family_datasets/Tools_Instruments_and_Appliances/Spoon/Tactile/4.jpeg","","Spoon","https://tactileeval.s3.us-east-1.amazonaws.com/family_datasets/Tools_Instruments_and_Appliances/Spoon/Natural/5.jpg","https://tactileeval.s3.us-east-1.amazonaws.com/family_datasets/Tools_Instruments_and_Appliances/Spoon/Tactile/5.jpeg","","Spoon","https://tactileeval.s3.us-east-1.amazonaws.com/family_datasets/Tools_Instruments_and_Appliances/Spoon/Natural/6_refined.png","https://tactileeval.s3.us-east-1.amazonaws.com/family_datasets/Tools_Instruments_and_Appliances/Spoon/Tactile/6_refined.png","","Spoon","https://tactileeval.s3.us-east-1.amazonaws.com/family_datasets/Tools_Instruments_and_Appliances/Spoon/Natural/7.jpg","https://tactileeval.s3.us-east-1.amazonaws.com/family_datasets/Tools_Instruments_and_Appliances/Spoon/Tactile/7.jpeg","","Spoon","https://tactileeval.s3.us-east-1.amazonaws.com/family_datasets/Tools_Instruments_and_Appliances/Spoon/Natural/8.jpg","https://tactileeval.s3.us-east-1.amazonaws.com/family_datasets/Tools_Instruments_and_Appliances/Spoon/Tactile/8.jpeg","","Spoon","https://tactileeval.s3.us-east-1.amazonaws.com/family_datasets/Tools_Instruments_and_Appliances/Spoon/Natural/9.jpg","https://tactileeval.s3.us-east-1.amazonaws.com/family_datasets/Tools_Instruments_and_Appliances/Spoon/Tactile/9.jpeg","","Spoon","https://tactileeval.s3.us-east-1.amazonaws.com/family_datasets/Tools_Instruments_and_Appliances/Spoon/Natural/10.jpg","https://tactileeval.s3.us-east-1.amazonaws.com/family_datasets/Tools_Instruments_and_Appliances/Spoon/Tactile/10.jpeg","","","","","","[{""question1"":{""orientation_match"":true,""view_frontal"":false,""view_perspective"":false,""view_side"":true,""view_top"":false},""question10"":{""orientation_match"":false,""view_frontal"":false,""view_perspective"":true,""view_side"":false,""view_top"":false},""question2"":{""orientation_match"":true,""view_frontal"":false,""view_perspective"":false,""view_side"":false,""view_top"":true},""question3"":{""orientation_match"":true,""view_frontal"":true,""view_perspective"":false,""view_side"":false,""view_top"":false},""question4"":{""orientation_match"":true,""view_frontal"":false,""view_perspective"":true,""view_side"":false,""view_top"":false},""question5"":{""orientation_match"":true,""view_frontal"":true,""view_perspective"":false,""view_side"":false,""view_top"":false},""question6"":{""orientation_match"":true,""view_frontal"":true,""view_perspective"":false,""view_side"":false,""view_top"":false},""question7"":{""orientation_match"":true,""view_frontal"":false,""view_perspective"":false,""view_side"":false,""view_top"":true},""question8"":{""orientation_match"":true,""view_frontal"":true,""view_perspective"":false,""view_side"":false,""view_top"":false},""question9"":{""orientation_match"":true,""view_frontal"":false,""view_perspective"":false,""view_side"":false,""view_top"":true}}]"
"3MJ9GGZYPVK5V1CP0PLE1AERWYP2AF","3BHRGUFAI0A6J7Y48A1RI398KZKSCH","Categorize images based on view.","Review 10 line-arts and judge if it has same or different views. Identify view for each tactile. (10 pairs)","tactile, image review, accessibility, tools, instruments and appliances","$0.08","Sat Apr 18 18:48:16 PDT 2026","9","BatchId:5385948;OriginalHitTemplateId:928390873;","1800","1296000","Sat Apr 25 18:48:16 PDT 2026","","","3KWTYT088THGC1K951H3WFT7EP4L57","A1QO9CJ6KFDWQJ","Rejected","Sun Apr 19 07:55:11 PDT 2026","Sun Apr 19 08:14:46 PDT 2026","Mon May 04 08:14:46 PDT 2026","","Sun Apr 19 09:04:03 PDT 2026","Thank you for your time. Unfortunately this submission did not pass the embedded gold-standard checks; this task requires very careful attention to detail.","1175","0% (0/3)","0% (0/3)","0% (0/3)","Spoon","https://tactileeval.s3.us-east-1.amazonaws.com/family_datasets/Tools_Instruments_and_Appliances/Spoon/Natural/2.jpg","https://tactileeval.s3.us-east-1.amazonaws.com/family_datasets/Tools_Instruments_and_Appliances/Spoon/Tactile/2.jpeg","","Spoon","https://tactileeval.s3.us-east-1.amazonaws.com/family_datasets/Tools_Instruments_and_Appliances/Spoon/Natural/3.jpg","https://tactileeval.s3.us-east-1.amazonaws.com/family_datasets/Tools_Instruments_and_Appliances/Spoon/Tactile/3.jpeg","","Spoon","https://tactileeval.s3.us-east-1.amazonaws.com/family_datasets/Tools_Instruments_and_Appliances/Spoon/Natural/4.jpeg","https://tactileeval.s3.us-east-1.amazonaws.com/family_datasets/Tools_Instruments_and_Appliances/Spoon/Tactile/4.jpeg","","Spoon","https://tactileeval.s3.us-east-1.amazonaws.com/family_datasets/Tools_Instruments_and_Appliances/Spoon/Natural/5.jpg","https://tactileeval.s3.us-east-1.amazonaws.com/family_datasets/Tools_Instruments_and_Appliances/Spoon/Tactile/5.jpeg","","Spoon","https://tactileeval.s3.us-east-1.amazonaws.com/family_datasets/Tools_Instruments_and_Appliances/Spoon/Natural/6_refined.png","https://tactileeval.s3.us-east-1.amazonaws.com/family_datasets/Tools_Instruments_and_Appliances/Spoon/Tactile/6_refined.png","","Spoon","https://tactileeval.s3.us-east-1.amazonaws.com/family_datasets/Tools_Instruments_and_Appliances/Spoon/Natural/7.jpg","https://tactileeval.s3.us-east-1.amazonaws.com/family_datasets/Tools_Instruments_and_Appliances/Spoon/Tactile/7.jpeg","","Spoon","https://tactileeval.s3.us-east-1.amazonaws.com/family_datasets/Tools_Instruments_and_Appliances/Spoon/Natural/8.jpg","https://tactileeval.s3.us-east-1.amazonaws.com/family_datasets/Tools_Instruments_and_Appliances/Spoon/Tactile/8.jpeg","","Spoon","https://tactileeval.s3.us-east-1.amazonaws.com/family_datasets/Tools_Instruments_and_Appliances/Spoon/Natural/9.jpg","https://tactileeval.s3.us-east-1.amazonaws.com/family_datasets/Tools_Instruments_and_Appliances/Spoon/Tactile/9.jpeg","","Spoon","https://tactileeval.s3.us-east-1.amazonaws.com/family_datasets/Tools_Instruments_and_Appliances/Spoon/Natural/10.jpg","https://tactileeval.s3.us-east-1.amazonaws.com/family_datasets/Tools_Instruments_and_Appliances/Spoon/Tactile/10.jpeg","","","","","","[{""question1"":{""orientation_match"":true,""view_frontal"":false,""view_perspective"":true,""view_side"":false,""view_top"":false},""question10"":{""orientation_match"":false,""view_frontal"":false,""view_perspective"":true,""view_side"":false,""view_top"":false},""question2"":{""orientation_match"":true,""view_frontal"":false,""view_perspective"":false,""view_side"":true,""view_top"":false},""question3"":{""orientation_match"":true,""view_frontal"":false,""view_perspective"":false,""view_side"":false,""view_top"":true},""question4"":{""orientation_match"":true,""view_frontal"":false,""view_perspective"":false,""view_side"":false,""view_top"":true},""question5"":{""orientation_match"":true,""view_frontal"":true,""view_perspective"":false,""view_side"":false,""view_top"":false},""question6"":{""orientation_match"":true,""view_frontal"":true,""view_perspective"":false,""view_side"":false,""view_top"":false},""question7"":{""orientation_match"":true,""view_frontal"":false,""view_perspective"":true,""view_side"":false,""view_top"":false},""question8"":{""orientation_match"":true,""view_frontal"":false,""view_perspective"":true,""view_side"":false,""view_top"":false},""question9"":{""orientation_match"":true,""view_frontal"":false,""view_perspective"":true,""view_side"":false,""view_top"":false}}]"